-0.254324984153 -0.301765328323 -0.918834309904 4.631117 -0.0774667310275 -0.940664637891 0.33037697348 -1.786812 -0.96401125928 0.155202208889 0.215857745602 0.577113
-0.254748941456 -0.302082370282 -0.918612659608 4.630869 -0.0793643695111 -0.940218146253 0.331196519167 -1.786601 -0.96374492148 0.157277077226 0.215545000638 0.576965
-0.255530546442 -0.302320234272 -0.918317274032 4.630583 -0.0798663484682 -0.940004010673 0.331683322315 -1.786531 -0.963496500366 0.158097868009 0.216054525325 0.576895
-0.254304839128 -0.302262557526 -0.918676436573 4.630919 -0.0785943900666 -0.940304540739 0.331134855482 -1.786534 -0.963925293083 0.156412010354 0.215367853615 0.577124
-0.251573769088 -0.299278061921 -0.920403868071 4.632008 -0.0823143691754 -0.940927530929 0.328450492719 -1.787084 -0.964331365939 0.158391992199 0.212077800519 0.577913
-0.251274829262 -0.300412506305 -0.92011590913 4.632967 -0.08012369713 -0.940897199697 0.329078490273 -1.786949 -0.964593776331 0.156412229885 0.212353622538 0.579035
-0.25586702476 -0.310297512922 -0.915558583115 4.635461 -0.0647713309937 -0.939454167495 0.336497461889 -1.785723 -0.964539652021 0.145400552444 0.22027695982 0.585216
-0.25974979316 -0.316697184095 -0.912268019027 4.636691 -0.0628422797926 -0.937147720541 0.343227326645 -1.785078 -0.963629022406 0.1464822292 0.223521953519 0.590069
-0.274179458965 -0.318753249706 -0.907315816066 4.638875 -0.0652051153294 -0.935137932937 0.348231732209 -1.785148 -0.959465433049 0.154639620358 0.235611270101 0.597715
-0.283862399381 -0.321085521007 -0.903507734564 4.63943 -0.0671790979571 -0.93329287506 0.352776668955 -1.784033 -0.956508811781 0.160836866301 0.243356519172 0.599643
-0.292955036182 -0.323466038259 -0.899748336408 4.640165 -0.0695042979066 -0.93134080775 0.357454126277 -1.782605 -0.953596612488 0.167254362912 0.250358700146 0.601081
-0.29924250101 -0.32732526113 -0.896276798214 4.641456 -0.0694536496402 -0.929355401823 0.362594439635 -1.780753 -0.951646003586 0.170753361693 0.255368700763 0.603858
-0.302880716615 -0.331922909329 -0.893359084448 4.643372 -0.0654525939585 -0.927931625662 0.366958929637 -1.778728 -0.950778223061 0.16961745299 0.259327380341 0.608772
-0.307265438516 -0.350483381673 -0.884731230072 4.650119 -0.05960356124 -0.920793493002 0.385469530225 -1.773883 -0.949755424192 0.171174596292 0.262037958707 0.644063
-0.313311917302 -0.359055728832 -0.87915563245 4.651201 -0.0588499046583 -0.916647435892 0.395340570894 -1.772202 -0.947825053055 0.175603137404 0.26606617022 0.664476
-0.321836337967 -0.3712830463 -0.870959396926 4.652515 -0.0575835051433 -0.910523741426 0.409427229474 -1.770375 -0.945042597717 0.18192145511 0.271659847366 0.719693
-0.321457853687 -0.377102208317 -0.86859586275 4.652996 -0.0542861139159 -0.908433911628 0.414488656105 -1.769981 -0.945366524761 0.180393327721 0.27155180201 0.751785
-0.32048694697 -0.385491772214 -0.86526539881 4.653514 -0.0450151884547 -0.906217025264 0.420409723877 -1.769672 -0.946182725286 0.173685913873 0.273077742945 0.784689
-0.318522492886 -0.395978392107 -0.86124591988 4.653953 -0.0343547432406 -0.903149171543 0.427950143776 -1.769571 -0.947292548869 0.165899629071 0.274069589578 0.817895
-0.313945755345 -0.407465047109 -0.857560667292 4.653894 -0.0227101669362 -0.899745796724 0.435823071435 -1.769231 -0.949169274165 0.15630014927 0.27321777453 0.850729
-0.271228788926 -0.429697284686 -0.861275326241 4.652877 -0.00826884134867 -0.893744402306 0.448500356309 -1.770063 -0.962479386959 0.128767957505 0.238856113172 0.939932
-0.254233005191 -0.433312737875 -0.864641920258 4.652654 -0.00858001463358 -0.8929709356 0.450032544959 -1.770067 -0.967104938681 0.121831766667 0.223304854874 0.961433
-0.233648226681 -0.440006542529 -0.867065596539 4.651536 -0.0228067424723 -0.889022694665 0.457294763657 -1.769585 -0.972053680959 0.126621052366 0.197683460186 0.982267
-0.233547956928 -0.441811611731 -0.866174261656 4.65051 -0.0288765563587 -0.887264922288 0.460355408537 -1.7685 -0.971916403971 0.132527195008 0.194460911948 0.979805
-0.239744942281 -0.443197137378 -0.863770027305 4.649457 -0.0297033344797 -0.885952738219 0.462823354601 -1.766458 -0.970381406753 0.13661640847 0.199238255276 0.968613
-0.250915789965 -0.444074634469 -0.860138933758 4.648429 -0.025557210584 -0.885216291909 0.464477066738 -1.763639 -0.967671481099 0.138527381983 0.210765436227 0.949293
-0.265619746279 -0.442873391731 -0.85633481144 4.647338 -0.0208890042977 -0.885390006834 0.464379354944 -1.760586 -0.963851544527 0.141236307994 0.22592588479 0.922328
-0.333508391583 -0.419087151495 -0.844475051257 4.64486 -0.0248568460492 -0.891539450463 0.452260484093 -1.755237 -0.94241938114 0.171823652968 0.286918703351 0.814167
-0.358230087635 -0.409048036316 -0.839256163694 4.645259 -0.0309932534586 -0.893208498604 0.448573289733 -1.755454 -0.933118761227 0.18670372789 0.307296429265 0.77675
-0.389522738336 -0.395179591426 -0.831928558735 4.647428 -0.0486293145625 -0.893187360341 0.447047569161 -1.757893 -0.919732149098 0.214591308882 0.328699473787 0.71127
-0.39570935038 -0.39122005267 -0.830879642554 4.648673 -0.0541019802754 -0.893225546565 0.446341907839 -1.759322 -0.916780827544 0.221573900431 0.332291921201 0.685673
-0.399640764464 -0.388439287479 -0.830302462553 4.649781 -0.0577878358342 -0.893301919127 0.445726650889 -1.760509 -0.914848525937 0.226111921902 0.33455279608 0.665466
-0.405011698125 -0.386448923332 -0.828627029512 4.654496 -0.0560118140394 -0.894096045603 0.444359019177 -1.757394 -0.9125942149 0.226383504019 0.340473652487 0.647059
-0.413601211278 -0.384954918349 -0.825071965873 4.656409 -0.0521078164992 -0.894722217973 0.443572911847 -1.757763 -0.908965793355 0.226454992226 0.349999032865 0.638566
-0.443179309881 -0.383742943506 -0.810144093728 4.658602 -0.0432713532826 -0.893530788279 0.446911982814 -1.755969 -0.895388010461 0.233118175411 0.379389281629 0.669398
-0.435607229952 -0.389405137556 -0.811547891414 4.657588 -0.039196171691 -0.89252177866 0.449297824101 -1.754421 -0.899283048511 0.227526951067 0.373525749045 0.699153
-0.39675628632 -0.408908694718 -0.821813925807 4.654288 -0.0221473129353 -0.890771241814 0.453911986279 -1.75029 -0.917656769057 0.198293404181 0.344362861038 0.77698
-0.373733545616 -0.417613827946 -0.828204037414 4.6523 -0.0153122306082 -0.890008031985 0.455687654644 -1.748603 -0.927409711225 0.182987414075 0.326231258182 0.820553
-0.352784952103 -0.428679885076 -0.831730926262 4.65015 -0.00638651932143 -0.887758266254 0.460265654887 -1.746919 -0.93568263313 0.167686662645 0.31044998507 0.864818
-0.332500389065 -0.439664001745 -0.834349481237 4.647785 -0.00187443480379 -0.884375488852 0.466772408366 -1.745695 -0.943101255309 0.156765941093 0.293231072616 0.907964
-0.311649785189 -0.447795801536 -0.838065231064 4.645496 -0.00154105641437 -0.881751636971 0.47171143281 -1.744948 -0.950195788528 0.148300272507 0.27410762966 0.948652
-0.267602764054 -0.453403720584 -0.850184583977 4.64105 -0.0215396221002 -0.879329491315 0.475726486947 -1.745145 -0.963288536914 0.145618377495 0.22554485759 1.035535
-0.261855651705 -0.453687515054 -0.851821141059 4.639701 -0.0275469073009 -0.878745186358 0.476495608953 -1.744563 -0.964713836103 0.148238106227 0.217606705536 1.047174
-0.266384536375 -0.453162231303 -0.850695756955 4.643039 -0.030799705236 -0.878133702719 0.477422850633 -1.740827 -0.96337461921 0.15337924328 0.219963976126 1.042935
-0.273861617779 -0.450355983218 -0.849811333584 4.641266 -0.0294080098441 -0.879257555483 0.475438029697 -1.740437 -0.961319397112 0.15519548803 0.227550823401 1.024275
-0.283573881678 -0.44932742883 -0.847166285525 4.639013 -0.0248814366678 -0.87968578601 0.474904023989 -1.740023 -0.958627543804 0.155749091788 0.238276001033 0.997013
-0.295090360531 -0.448272021613 -0.843785442965 4.636399 -0.0241073746753 -0.879336692189 0.475589966521 -1.739745 -0.955165176086 0.160683466505 0.248677119945 0.962607
-0.310682164065 -0.448217198361 -0.838199222157 4.633989 -0.0166873458653 -0.879130047773 0.476289713926 -1.739625 -0.950367363402 0.161962039368 0.265650470324 0.922991
-0.377568452646 -0.435979484577 -0.816923468015 4.631853 -0.016805088211 -0.878852680268 0.476797184761 -1.743258 -0.925829170299 0.193752046218 0.324500372896 0.797972
-0.401170377307 -0.427802802202 -0.809967339341 4.633422 -0.0218135611814 -0.879527978258 0.475346930157 -1.745497 -0.915743685165 0.208363379435 0.343508668291 0.759889
-0.441465117834 -0.407999441775 -0.79915267956 4.638459 -0.0367489513001 -0.881672001741 0.470429586574 -1.74704 -0.896525551401 0.237046275772 0.374233882523 0.694913
-0.454488525069 -0.399717277757 -0.79603158131 4.641101 -0.0457565448409 -0.882005513103 0.469012380924 -1.748992 -0.889576595457 0.24958439999 0.382571703209 0.675118
-0.462591838405 -0.395401171547 -0.793515409164 4.643216 -0.0490816129177 -0.882244143625 0.468226725329 -1.750232 -0.885211718356 0.255544877817 0.388712013072 0.664126
-0.467640394568 -0.393626409009 -0.791435854318 4.644612 -0.0476283708025 -0.882849761537 0.467234241948 -1.75069 -0.88263469208 0.256192405596 0.394108426263 0.663163
-0.470408000368 -0.393799074711 -0.789707921922 4.645358 -0.0425315841828 -0.883747122107 0.466027991128 -1.750506 -0.881423494999 0.252810824383 0.398972818044 0.673368
-0.450601840569 -0.397076570774 -0.799554987614 4.64498 -0.0413535285264 -0.885388468247 0.463008796865 -1.749255 -0.89176671106 0.241697036056 0.382537156114 0.766513
-0.431082556097 -0.404935441069 -0.806346773042 4.644242 -0.0367540182631 -0.885022830138 0.464094529462 -1.747776 -0.901563626135 0.229699540054 0.366634899224 0.811974
-0.386202098673 -0.430819703787 -0.815623885017 4.643867 -0.0278364037322 -0.878381244524 0.477149372729 -1.74251 -0.921994074606 0.206980124885 0.32724020886 0.911073
-0.362942784125 -0.444777418218 -0.818807415511 4.643966 -0.0271017351223 -0.873316031076 0.486399635916 -1.740377 -0.931417216614 0.198726339748 0.304909511963 0.957802
-0.339501317879 -0.457454601186 -0.821872339851 4.644074 -0.0287735649744 -0.868309551753 0.495187443594 -1.738944 -0.940165377536 0.191764986868 0.281629637457 0.999709
-0.316770403003 -0.462743981928 -0.827964080725 4.644023 -0.0393476840063 -0.865754898133 0.498919047664 -1.738838 -0.947685745142 0.190621256812 0.256037624007 1.034024
-0.297567989896 -0.463549255363 -0.834610914883 4.643841 -0.0499103674331 -0.865463397716 0.498479751281 -1.739223 -0.953395115685 0.189987355018 0.234398289929 1.058641
-0.267169040881 -0.465314400751 -0.843862081177 4.643668 -0.0497953863644 -0.867857646298 0.494311162386 -1.735217 -0.96236226188 0.174085077522 0.208694184616 1.072747
-0.263665092949 -0.464443600949 -0.845442405074 4.642621 -0.0477550344545 -0.869096831286 0.492331346282 -1.734487 -0.963431458613 0.170184721363 0.206970976638 1.05583
-0.272985070474 -0.459627333684 -0.845116480391 4.63903 -0.0428126399528 -0.871808118957 0.487973033662 -1.733919 -0.961065153441 0.169391020577 0.218312741244 0.997096
-0.288140538245 -0.456370134555 -0.841844006041 4.637487 -0.0353124687478 -0.873467593862 0.485600032973 -1.734579 -0.956936810751 0.169648645027 0.235565866521 0.9584
-0.309799809523 -0.456079501747 -0.834275473753 4.636721 -0.0235400852866 -0.873496007298 0.486261852934 -1.735319 -0.950510358915 0.170282745222 0.259872746311 0.915895
-0.336931912282 -0.45630095297 -0.823569260478 4.636227 -0.0133323409195 -0.872314751084 0.48876295249 -1.736479 -0.941434615452 0.175659942387 0.287827117328 0.871475
-0.364359450879 -0.454493097576 -0.812821145647 4.636128 -0.0101151364441 -0.870837249751 0.49146736256 -1.738242 -0.931203454982 0.18729257514 0.31270052243 0.827138
-0.423519543604 -0.427557936186 -0.798639723148 4.640381 -0.024625284931 -0.875851220631 0.481952523244 -1.744681 -0.905552202542 0.223783043422 0.360411373223 0.710835
-0.437353673517 -0.417276872842 -0.79661896516 4.644248 -0.0283884242632 -0.878983747524 0.47600595475 -1.748001 -0.898841399597 0.230797710085 0.37258093804 0.684066
-0.467794437245 -0.406098133368 -0.785017624361 4.650737 -0.0247826492623 -0.881816399203 0.470941247282 -1.750431 -0.883489776273 0.239758512197 0.402444618613 0.65811
-0.481641195392 -0.401955030863 -0.778751508548 4.652317 -0.0242579861637 -0.882156640143 0.470330960451 -1.749598 -0.876032710011 0.245421709341 0.415132359105 0.662446
-0.487590168027 -0.397655790903 -0.777255234788 4.652892 -0.0290449893741 -0.882371787502 0.469655636836 -1.748118 -0.872589374583 0.251574840915 0.418685899909 0.679536
-0.483287570027 -0.393132521555 -0.782227553308 4.652405 -0.0332726684474 -0.884609202549 0.465144588595 -1.746218 -0.874829157146 0.250825395965 0.414440063878 0.708253
-0.470513925516 -0.39445975411 -0.789314986734 4.651213 -0.0243067505487 -0.88838336573 0.458458479442 -1.742526 -0.882057723606 0.234896781335 0.408408709928 0.746184
-0.388029535929 -0.434254040453 -0.812930813537 4.648552 0.0128665939645 -0.88450787285 0.466347803281 -1.731556 -0.921557122487 0.17049707099 0.348802549844 0.889982
-0.353630625742 -0.448648661006 -0.820767786597 4.647246 0.0128731083563 -0.879716269015 0.475324698613 -1.730655 -0.935296564528 0.157523537949 0.316870117514 0.937456
-0.295053906664 -0.476041374237 -0.828449034146 4.64661 0.0164093830089 -0.869446289385 0.493754880507 -1.730661 -0.955339690535 0.132089968924 0.264345069556 1.015811
-0.274402007196 -0.484469927391 -0.830657828411 4.646864 0.0140819342017 -0.865747176202 0.500283445686 -1.731225 -0.961511953943 0.125581512779 0.244385036515 1.041818
-0.259778454205 -0.489512957073 -0.832401477406 4.64719 0.0133552217181 -0.863734070336 0.5037708743 -1.731428 -0.9655758866 0.11975191271 0.230917055712 1.057237
-0.251410561209 -0.489537759521 -0.834952400868 4.647665 0.00988974874811 -0.863914869133 0.503540754816 -1.729792 -0.967830007068 0.118337994299 0.22203872753 1.065806
-0.25050389748 -0.487901566879 -0.836181713735 4.646769 0.00715828751779 -0.864630807022 0.502356772094 -1.728763 -0.9680891262 0.119856700211 0.220085926737 1.059856
-0.277605524771 -0.481984408941 -0.831039230214 4.638954 -0.00621018488212 -0.864121087826 0.503245644967 -1.723843 -0.96067507838 0.144864678624 0.236891575762 0.984196
-0.294384189662 -0.479862911193 -0.826480208679 4.636001 -0.00700870123546 -0.86369476564 0.503966496816 -1.72205 -0.955661460447 0.154152321642 0.25089486792 0.944797
-0.323730807442 -0.46202642627 -0.825669392518 4.630998 -0.0188131187817 -0.869347089531 0.493843805757 -1.721649 -0.94596217201 0.175405870344 0.272742277204 0.857607
-0.33472321663 -0.448372839203 -0.828807676915 4.628326 -0.0313817046179 -0.873750863006 0.485360297111 -1.722797 -0.941793797423 0.188470757575 0.2783939954 0.814292
-0.343731762199 -0.436495132823 -0.831456838734 4.626185 -0.0434401671647 -0.87706781408 0.478398371006 -1.724805 -0.938062592545 0.200559339164 0.282514643765 0.773666
-0.351453734254 -0.427309442657 -0.832998747235 4.624724 -0.0511018218484 -0.879678361191 0.472815592654 -1.727676 -0.934809540218 0.208740559233 0.28732995397 0.736349
-0.359016217391 -0.41805685601 -0.834467387495 4.622147 -0.0582578388343 -0.882293047931 0.467081365276 -1.727184 -0.93151134178 0.216304051548 0.292402423758 0.700262
-0.368416504628 -0.403278885075 -0.837636806719 4.616555 -0.0583389135915 -0.889208602303 0.453767156978 -1.731907 -0.927828567289 0.216042131177 0.304072273116 0.630988
-0.369756970639 -0.399791625189 -0.838717138905 4.614035 -0.0539156693095 -0.891938825267 0.448930097659 -1.731818 -0.927562872945 0.211215028844 0.30824556497 0.618674
-0.36532677435 -0.384201505085 -0.847894776157 4.610343 -0.0534462754697 -0.900693962913 0.431154126515 -1.732005 -0.9293437704 0.202828964063 0.308513480671 0.603804
-0.360476555521 -0.378021997334 -0.85273443841 4.608498 -0.0564078593887 -0.903689762444 0.424456083304 -1.732532 -0.931061118466 0.201107391177 0.304435561154 0.598946
-0.354310811954 -0.375923080484 -0.856239269184 4.606804 -0.0568711676138 -0.905281662664 0.420987863885 -1.733205 -0.933396763883 0.197855878871 0.299371896425 0.594877
-0.348241248807 -0.374956376972 -0.859148268925 4.605344 -0.0533657271103 -0.90710143231 0.417515377767 -1.733812 -0.935884678686 0.191245148616 0.295880315891 0.591302
-0.343262478724 -0.372791809256 -0.862088822368 4.604035 -0.051912953016 -0.908924917738 0.413715529349 -1.734084 -0.937803772657 0.186766594622 0.292647096558 0.587514
-0.332982494968 -0.370411806675 -0.867131911257 4.603176 -0.0540495601616 -0.910601507856 0.409735938059 -1.73321 -0.941382654977 0.183302993339 0.283193766778 0.576645
-0.31929967652 -0.373977617083 -0.870740178523 4.604165 -0.055462545222 -0.909888147314 0.411129499617 -1.73229 -0.946029398408 0.179566982764 0.269785240608 0.576252
-0.302372147796 -0.38443322338 -0.872228284911 4.606716 -0.0638372768726 -0.904840643926 0.420937300771 -1.731195 -0.951049886346 0.182960394242 0.249057438798 0.574653
-0.293352286437 -0.389900503451 -0.872881454409 4.608634 -0.070978004176 -0.901648998818 0.42660427313 -1.73112 -0.953365910323 0.187100722443 0.236826435805 0.574304
-0.282462697458 -0.397700989276 -0.872954035258 4.610676 -0.0687019306379 -0.899287622747 0.431928022129 -1.730652 -0.956814960832 0.181977181819 0.226692381931 0.574844
-0.270781482982 -0.405391259689 -0.873118156404 4.612791 -0.0678484413384 -0.896710186507 0.437387048759 -1.730695 -0.96024683154 0.177676019716 0.215307349005 0.575666
-0.265215790845 -0.409445963933 -0.87293446885 4.614394 -0.069542747619 -0.894875022611 0.440865625969 -1.730644 -0.961677903739 0.177630787103 0.208860989496 0.575972
-0.267107068944 -0.414810403835 -0.869819603475 4.617075 -0.0741420786778 -0.89109302101 0.447723329832 -1.728625 -0.960810473449 0.184080299806 0.207262339401 0.573635
-0.266824645169 -0.414125525754 -0.870232530793 4.617227 -0.0775481853364 -0.890815811885 0.447697965425 -1.728867 -0.960620053758 0.186941804351 0.205576929893 0.573685
-0.266746448786 -0.413902173874 -0.870362753409 4.617547 -0.07807009719 -0.890836851776 0.447565373372 -1.729014 -0.96059949614 0.187335778696 0.205314183717 0.57371
-0.266796345985 -0.413875806543 -0.870359998235 4.61767 -0.0782665497799 -0.890807071055 0.447590336518 -1.729047 -0.960569652318 0.18753554041 0.20527144012 0.573681
-0.266669450728 -0.413111776543 -0.870761772318 4.617742 -0.0807168991132 -0.890731543813 0.447305375616 -1.729333 -0.960402096127 0.189567868951 0.204185789945 0.573671
-0.266728707843 -0.413059558296 -0.870768394989 4.617822 -0.0804934817686 -0.890796437225 0.4472163982 -1.729293 -0.960404391808 0.189376631945 0.204352380628 0.573592
-0.26673203881 -0.412794572663 -0.870893024574 4.61784 -0.080861843772 -0.890859463979 0.447024359137 -1.729396 -0.960372522355 0.189657734406 0.204241430876 0.573532
-0.266943540574 -0.412570736144 -0.87093428789 4.618054 -0.0809806859948 -0.89092940986 0.446863418891 -1.729449 -0.960303740825 0.189816159281 0.204417589835 0.573499
-0.266980304237 -0.412595675371 -0.870911204323 4.618075 -0.0810745943924 -0.89089431535 0.446916355732 -1.729416 -0.960285596733 0.189926637264 0.204400208326 0.573462
-0.267127735899 -0.412581933573 -0.870872505481 4.618118 -0.0810918960139 -0.89088297703 0.446935818255 -1.729478 -0.960243134375 0.190009655878 0.204522501351 0.573423
-0.267135054828 -0.412580790475 -0.870870802021 4.618084 -0.0810380821475 -0.890893467704 0.446924667527 -1.729469 -0.960245641346 0.189962945158 0.20455411935 0.573384
-0.267160262341 -0.412554525334 -0.870875512259 4.61808 -0.0811605516328 -0.890880151161 0.446928988908 -1.729485 -0.96022828488 0.190082402903 0.204524622044 0.57338
-0.267224946796 -0.412610050664 -0.870829359806 4.618091 -0.0809714163921 -0.890882512162 0.446958587849 -1.729441 -0.960226253305 0.189950771557 0.204656411695 0.573388
-0.267272312747 -0.412509694374 -0.870862367362 4.618063 -0.0811899789328 -0.890885946114 0.446912092405 -1.729458 -0.960194614732 0.190152525791 0.204617493815 0.573401
-0.267342867953 -0.412397754674 -0.870893726522 4.61796 -0.0811704293948 -0.890940086076 0.446807704068 -1.729457 -0.960176625599 0.190141670768 0.204711974958 0.573427
-0.267371020169 -0.412435849069 -0.8708670438 4.617921 -0.0811184347633 -0.890927976455 0.446841292085 -1.729435 -0.960173180793 0.190115783599 0.204752171445 0.573422
-0.267427834651 -0.412431722337 -0.870851553173 4.617826 -0.081154967392 -0.89091708605 0.446856371837 -1.729375 -0.960154271209 0.190175761321 0.204785144198 0.573401
-0.267530529391 -0.412406730326 -0.870831846355 4.617779 -0.0811558937985 -0.890919287983 0.446851813471 -1.729384 -0.960125583841 0.190219639056 0.20487887195 0.573442
-0.267557826828 -0.412418577596 -0.870817849012 4.6177 -0.0810978502272 -0.89092193225 0.446857079304 -1.729369 -0.960122881715 0.190181564535 0.204926876029 0.573425
-0.267510596399 -0.412487194297 -0.870799859529 4.617649 -0.0811343123688 -0.890884297296 0.446925488407 -1.729352 -0.960132961715 0.190209051763 0.204854124822 0.573445
-0.267589536609 -0.41240623472 -0.870813951118 4.617618 -0.0813348911689 -0.890878058443 0.446901466168 -1.729367 -0.96009399299 0.190413714184 0.204846630615 0.573479
-0.267708094488 -0.412335228116 -0.8708111367 4.617611 -0.0813282680056 -0.890903743061 0.446851466846 -1.729386 -0.960061502701 0.190447316216 0.204967633487 0.573506
-0.267775957709 -0.412341746177 -0.870787184582 4.61762 -0.0811944047291 -0.890920040218 0.446843317706 -1.729389 -0.9600539074 0.190356944442 0.205087124386 0.573477
-0.267819861478 -0.412278182979 -0.870803779067 4.617612 -0.0813734918635 -0.89091266217 0.446825450491 -1.729398 -0.960026497874 0.190529074486 0.205055590403 0.573502
-0.267852623422 -0.412277060877 -0.870794233559 4.617653 -0.0814581405728 -0.890893096841 0.446849036405 -1.729369 -0.960010178832 0.190622965762 0.205044730397 0.573526
-0.267958723281 -0.412248844281 -0.87077494969 4.617718 -0.0813713363373 -0.89091400092 0.446823173735 -1.729348 -0.959987931299 0.190586288472 0.205182938877 0.573514
-0.268078299221 -0.412140535858 -0.870789414376 4.617761 -0.0815173334557 -0.890928389215 0.446767869969 -1.729355 -0.959942159629 0.190753201789 0.205241969816 0.573473
-0.26801986553 -0.412228027054 -0.870765987733 4.617783 -0.0813471083032 -0.890923264151 0.446809115132 -1.729326 -0.959972916103 0.190588014066 0.205251575493 0.573475
-0.268033569992 -0.412158702111 -0.87079458521 4.617811 -0.0814785423469 -0.890931335564 0.446769070602 -1.729392 -0.959957943086 0.190700182442 0.205217416226 0.573514
-0.26801266158 -0.412223030928 -0.870770570246 4.617837 -0.0812877329031 -0.890938347653 0.446789844515 -1.729375 -0.959979956933 0.190528300929 0.205274082223 0.573512
-0.268081965707 -0.412175703966 -0.870771639825 4.617778 -0.08146510156 -0.890920349462 0.446793428938 -1.729391 -0.959945569754 0.190714760769 0.205261742988 0.57348
-0.268027198371 -0.412133882286 -0.870808293487 4.617778 -0.0815455763216 -0.890931400303 0.446756711126 -1.729401 -0.959954030106 0.190753513794 0.205186152211 0.573464
-0.268056515598 -0.412109934364 -0.870810603084 4.617778 -0.0815442374988 -0.890940963461 0.446737883952 -1.729414 -0.959945957737 0.190760587192 0.205217339906 0.573475
-0.268116959762 -0.412080714044 -0.870805822788 4.617769 -0.0816171305052 -0.89093530144 0.446735864529 -1.729421 -0.959922882265 0.190850134297 0.20524201895 0.5734
-0.268177169539 -0.412042326491 -0.870805447226 4.617809 -0.0815703257128 -0.890958158522 0.446698826645 -1.729409 -0.959910041463 0.190826310929 0.205324210351 0.57341
-0.268201615507 -0.411993354447 -0.870821089163 4.617719 -0.0817032496464 -0.890954351883 0.446682126191 -1.729415 -0.959891906642 0.190949780708 0.205294200627 0.573425
-0.268174777119 -0.411964188518 -0.870843152523 4.617761 -0.0817521869707 -0.890962314723 0.446657288834 -1.7294 -0.959895238473 0.190975551109 0.205254646808 0.573498
-0.26822841217 -0.411889314744 -0.870862050674 4.61781 -0.0818853066756 -0.890968746553 0.446620072564 -1.729444 -0.959868905349 0.191106998999 0.205255449326 0.573465
-0.268146762995 -0.411873623779 -0.870894615629 4.61786 -0.0819269127139 -0.890976846171 0.44659628364 -1.729443 -0.959888167689 0.191103054981 0.205169022779 0.573476
-0.268230164737 -0.411786312029 -0.870910220373 4.617925 -0.0819780576557 -0.891002916311 0.446534882388 -1.729472 -0.959860498608 0.191169653322 0.205236416994 0.573486
-0.26829304307 -0.411716444968 -0.87092388415 4.617937 -0.0819281059741 -0.891042263608 0.44646553049 -1.729515 -0.959847190178 0.191136740077 0.205329291873 0.573473
-0.268321332006 -0.411731076296 -0.870908252115 4.617971 -0.0819890615638 -0.891019733576 0.446499303653 -1.729552 -0.959834077627 0.191210238195 0.205322157195 0.573526
-0.268388274469 -0.41161767566 -0.870941228334 4.618059 -0.0819974698794 -0.891069352932 0.446398726699 -1.729609 -0.959814643075 0.191223161121 0.205400958104 0.573439
-0.268371287302 -0.411579358429 -0.87096457096 4.618095 -0.0820606850037 -0.891078130497 0.446369588264 -1.729602 -0.95981399038 0.191264730322 0.205365300882 0.573465
-0.268289158699 -0.411552940332 -0.87100235627 4.618095 -0.0821644950302 -0.891079368291 0.446348020229 -1.729555 -0.959828069542 0.191315803607 0.205251894532 0.573408
-0.268403685504 -0.411489518021 -0.87099703683 4.618138 -0.0822056868729 -0.891091955473 0.446315305516 -1.729572 -0.959792522712 0.191393582574 0.205345586502 0.573354
-0.26817275595 -0.411538754645 -0.871044904922 4.61812 -0.0821670275236 -0.891098019673 0.446310316845 -1.729544 -0.959860381802 0.191259438355 0.205153295578 0.573377
-0.268354603341 -0.411411040423 -0.871049230918 4.618132 -0.0822869787178 -0.891120967681 0.446242393878 -1.729571 -0.959799281099 0.19142721013 0.205282642284 0.573368
-0.268392191591 -0.411387855083 -0.871048600356 4.618082 -0.0823143918892 -0.891123536501 0.44623220814 -1.729587 -0.95978642019 0.191465076146 0.205307457818 0.573351
-0.268352062457 -0.411442421579 -0.871035191195 4.617902 -0.0823312174457 -0.891096325473 0.446283440609 -1.72971 -0.959796197747 0.191474469457 0.205252981311 0.573424
-0.268239850022 -0.411419814624 -0.87108043199 4.617869 -0.0823984323189 -0.891105967524 0.446251782064 -1.729708 -0.959821796591 0.191478173112 0.205129783332 0.573499
-0.268321195114 -0.41098674291 -0.871259796734 4.617905 -0.0823847046642 -0.891322130263 0.445822409196 -1.729728 -0.959800237909 0.191402082684 0.205301597788 0.573566
-0.268303744383 -0.411085603973 -0.871218529966 4.617943 -0.0825442078135 -0.891241494706 0.445954091663 -1.729612 -0.959791411978 0.191565196005 0.205190694656 0.573532
-0.268362303471 -0.411222836489 -0.871135725835 4.618015 -0.0825071172462 -0.891172653316 0.446098506594 -1.729484 -0.959778229426 0.191590920273 0.20522833525 0.57356
-0.268360332849 -0.411443574899 -0.871032098391 4.618058 -0.0828185191459 -0.890997555639 0.446390466667 -1.72934 -0.959751959956 0.191931082733 0.205033253014 0.573564
-0.268455157604 -0.411513902174 -0.87096965313 4.618141 -0.0825518964657 -0.891005090476 0.446424812411 -1.729312 -0.959748411171 0.191745240004 0.205223658943 0.573612
-0.268582848233 -0.411571267469 -0.870903177987 4.618099 -0.0828500258998 -0.890902971488 0.446573363067 -1.72956 -0.959686994203 0.19209629665 0.205182567412 0.57355
-0.268507503666 -0.41146326831 -0.870977439034 4.618136 -0.0827987998683 -0.890976319541 0.446436509212 -1.729572 -0.959712498207 0.191987439298 0.20516516258 0.573492
-0.268314905146 -0.411111826615 -0.871202719058 4.618126 -0.0827713253948 -0.891181572356 0.446031739661 -1.729545 -0.959768732231 0.191787567663 0.20508902828 0.57335
-0.268264607546 -0.410935722098 -0.871301286951 4.618103 -0.0829129675439 -0.891248548365 0.445871578877 -1.729594 -0.959770566412 0.191853739449 0.205018541864 0.573385
-0.268643925863 -0.411873757786 -0.870741321372 4.618212 -0.0827594520995 -0.890759655108 0.446875944665 -1.729467 -0.959677713707 0.192112582826 0.20521072422 0.573313
-0.268405152818 -0.411502230286 -0.87099057883 4.618205 -0.0828000867207 -0.890966584924 0.446455697901 -1.729502 -0.959741016931 0.191949105281 0.205067602029 0.573359
-0.268581456423 -0.411405575758 -0.870981890455 4.618208 -0.0829579904711 -0.89096644405 0.446426665192 -1.729554 -0.959678056998 0.192156831292 0.205167685333 0.573401
-0.268293565204 -0.411105939056 -0.871212069328 4.617975 -0.0826580289197 -0.891209401516 0.445997144503 -1.729685 -0.959784461807 0.191670836391 0.205124541076 0.573464
-0.26841546178 -0.410960892029 -0.871242954118 4.617888 -0.0828761515425 -0.891227592643 0.445920308594 -1.729662 -0.9597315684 0.191897168644 0.205160408664 0.573427
-0.268714080201 -0.410275790291 -0.871473762659 4.617849 -0.08267011078 -0.89158858628 0.445236392941 -1.729542 -0.959665773009 0.191686120302 0.205664861847 0.573413
-0.268700395941 -0.410456085333 -0.871393079634 4.61788 -0.0826158922797 -0.891508677619 0.4454064347 -1.729487 -0.95967427368 0.191671802159 0.20563853893 0.573431
-0.268706063334 -0.410617252837 -0.871315398234 4.617838 -0.0827537108551 -0.891398158991 0.44560200346 -1.729524 -0.959660812406 0.191840542693 0.205543988752 0.573513
-0.268859908156 -0.410747553443 -0.871206518069 4.617831 -0.0827969783041 -0.891307113093 0.445776054239 -1.729589 -0.959613990191 0.191984576176 0.205628092295 0.573499
-0.26892928221 -0.410966149843 -0.87108200811 4.617853 -0.0828384651506 -0.891179814126 0.446022788192 -1.72965 -0.959590970081 0.19210768485 0.205620542651 0.573491
-0.268937255515 -0.410929471881 -0.871096849802 4.61799 -0.0832100516273 -0.891123319238 0.446066494167 -1.729717 -0.959556585045 0.192447912563 0.205462797231 0.573395
-0.268917756667 -0.410954167062 -0.871091219519 4.618064 -0.0831300506766 -0.891128717104 0.44607062695 -1.729706 -0.95956898388 0.192370169537 0.205477694771 0.573364
-0.268780007889 -0.41078166451 -0.871215089092 4.618137 -0.0832995457333 -0.8911971853 0.445902189491 -1.729766 -0.959592878798 0.192421415166 0.205318060446 0.573328
-0.268796535541 -0.410823319256 -0.871190348223 4.618138 -0.0832754333343 -0.89117900316 0.445943030588 -1.729789 -0.959590342117 0.192416695436 0.205334338661 0.573302
-0.268783021098 -0.410755275061 -0.87122660174 4.618125 -0.0832603106599 -0.891218248757 0.445867417235 -1.729794 -0.95959543988 0.19238018893 0.205344721552 0.573299
-0.26886587653 -0.41063426813 -0.871258077882 4.618116 -0.0833584986089 -0.891251976671 0.445781644744 -1.729858 -0.959563703538 0.192482237928 0.205397387848 0.573225
-0.268963997853 -0.410602864115 -0.87124259299 4.618125 -0.0832081606084 -0.89128812551 0.445737455609 -1.729867 -0.959549253487 0.19238182166 0.205558908413 0.573193
-0.268989647732 -0.410452978473 -0.871305297743 4.618126 -0.0834138877134 -0.891320900036 0.445633455314 -1.729885 -0.959524201232 0.192549748433 0.205518616259 0.573264
-0.269030059176 -0.410552308554 -0.871246021053 4.618107 -0.0833923332242 -0.891270266586 0.445738747093 -1.729867 -0.959514745077 0.192572360015 0.20554157764 0.573302
-0.269113726794 -0.410396098363 -0.871293776231 4.618164 -0.0833772281049 -0.891344612505 0.445592885482 -1.729813 -0.959492595013 0.192561221972 0.205655381422 0.573346
-0.269280484691 -0.410286108405 -0.871294054734 4.618158 -0.083505753054 -0.891357931108 0.445542172929 -1.729728 -0.959434630275 0.192733878449 0.205764045271 0.57336
-0.269326870716 -0.410361394938 -0.87124426096 4.618093 -0.0834634802534 -0.891323154825 0.445619659729 -1.729584 -0.95942528848 0.192734426655 0.205807085903 0.573327
-0.269323805968 -0.41031400125 -0.871267529475 4.617994 -0.0834793820131 -0.891344514374 0.445573955111 -1.729466 -0.959424765324 0.19273654836 0.205807537784 0.573328
-0.26931808806 -0.410315636313 -0.871268526943 4.617886 -0.0831852364904 -0.891403312318 0.445511336801 -1.72936 -0.959451918479 0.192460939897 0.205938832522 0.573394
-0.269250922575 -0.410300411157 -0.87129645546 4.617694 -0.0826027598123 -0.891534635864 0.445356909822 -1.729416 -0.95952109136 0.191884250681 0.2061545769 0.573689
-0.269292874202 -0.409863111186 -0.871489287366 4.617541 -0.0838250826914 -0.891508666292 0.445180472885 -1.729676 -0.959403305923 0.19293659066 0.205720121934 0.57373
-0.269551686583 -0.409967201945 -0.871360305264 4.617666 -0.0838617590144 -0.891421492827 0.445348096999 -1.729913 -0.959327417327 0.193118138598 0.205903596155 0.573541
-0.269629863628 -0.410201450575 -0.871225864278 4.61771 -0.0830969754151 -0.891447421576 0.445439543869 -1.729886 -0.959371997359 0.192500037693 0.206274346858 0.573413
-0.269674683956 -0.409855232616 -0.871374921105 4.617751 -0.0841032061872 -0.891417415674 0.445310724935 -1.729958 -0.959271711009 0.193374453665 0.20592257071 0.573289
-0.269691299754 -0.409975690378 -0.871313110274 4.617797 -0.0833661338607 -0.891502476358 0.445279038775 -1.729902 -0.959331376826 0.192725888106 0.206252373299 0.573227
-0.26956966013 -0.409775641637 -0.871444847284 4.617802 -0.0839516100375 -0.891499435763 0.445175115215 -1.729914 -0.95931450813 0.193164902496 0.205919875035 0.573236
-0.269688756748 -0.40973854152 -0.871425442638 4.617821 -0.0836054361061 -0.891575801034 0.445087319595 -1.729779 -0.959311266241 0.192890950032 0.206191599874 0.573261
-0.269765096409 -0.40966170806 -0.871437936808 4.617839 -0.0837273143745 -0.891582684874 0.445050618312 -1.729796 -0.959279171872 0.193022281049 0.206218014324 0.573256
-0.269768591045 -0.409784512422 -0.871379114201 4.617873 -0.0833491453225 -0.891595632687 0.445095661344 -1.72978 -0.959311121201 0.192701533862 0.206369308735 0.573324
-0.269888963651 -0.409512032087 -0.871469932284 4.617863 -0.083698232076 -0.891652237732 0.444916725797 -1.729811 -0.959246867728 0.193018606676 0.206371665279 0.573365
-0.269918337001 -0.409575453702 -0.871431029443 4.617876 -0.0836000621149 -0.891636589387 0.444966540407 -1.729878 -0.959247163647 0.192956316798 0.206428532046 0.573382
-0.270041073411 -0.409612007799 -0.87137582118 4.617868 -0.0836406672512 -0.891597140305 0.445037951395 -1.72992 -0.959209079113 0.193060981213 0.206507627171 0.573359
-0.269969776842 -0.409707851329 -0.871352853987 4.617884 -0.0836132416297 -0.891561033505 0.445115433747 -1.729931 -0.959231539002 0.193024351043 0.206437531686 0.573343
-0.270032786534 -0.409634145118 -0.871367982743 4.617852 -0.0839336483648 -0.891527674429 0.445121947784 -1.729785 -0.959185819781 0.193334613767 0.206359613903 0.57338
-0.269995950551 -0.409486453799 -0.871448811372 4.617834 -0.0840370541045 -0.891586052217 0.44498548856 -1.729745 -0.959187135143 0.193378270876 0.206312588393 0.573379
-0.270015570482 -0.40945489565 -0.871457560714 4.617928 -0.0840772223605 -0.891592047248 0.44496588854 -1.729524 -0.959178092107 0.193417449349 0.206317904967 0.573325
-0.269903515915 -0.409482727404 -0.871479195423 4.618119 -0.0838448207763 -0.89163619625 0.444921273448 -1.729419 -0.959229971449 0.193154832959 0.206322738394 0.57327
-0.270012929305 -0.409324638242 -0.871519568648 4.617977 -0.0841988244413 -0.891634291959 0.444858232884 -1.729509 -0.959168168764 0.193498397744 0.206288133686 0.5733
-0.270005353582 -0.409434038788 -0.871470525559 4.617879 -0.0837719436592 -0.891665258159 0.444876756921 -1.729547 -0.9592076785 0.193123885821 0.206455308076 0.573308
-0.270031316778 -0.409255412957 -0.871546381396 4.617735 -0.0840815305872 -0.891691385613 0.444765971089 -1.729661 -0.95917328162 0.193381694557 0.206373777494 0.573301
-0.270006706935 -0.409352146246 -0.871508576306 4.617484 -0.0839716618947 -0.891666693097 0.444836226515 -1.729772 -0.959189834292 0.193290788154 0.206382007466 0.573323
-0.270066804562 -0.409266084454 -0.871530374221 4.617441 -0.0841566084011 -0.891667146948 0.444800364563 -1.729833 -0.959156705829 0.193470853539 0.206367251508 0.573335
-0.270064395513 -0.409207341147 -0.871558703833 4.617439 -0.084172639977 -0.891694139445 0.444743216204 -1.729906 -0.959155977386 0.193470704839 0.206370776549 0.573325
-0.270067536498 -0.409217821314 -0.871552809903 4.617374 -0.0841646395948 -0.891690081935 0.444752865332 -1.729905 -0.959155795047 0.193467238824 0.206374873302 0.573331
-0.270097565817 -0.409285312116 -0.871511811868 4.617298 -0.0841769602353 -0.89165006055 0.444830764321 -1.729858 -0.959146258036 0.193508921776 0.206380117473 0.573385
-0.270078957323 -0.409359216437 -0.87148286772 4.61732 -0.0840701849146 -0.891635788899 0.444879561188 -1.729748 -0.959160862848 0.193418333859 0.206397159155 0.573491
-0.270117092425 -0.409265858292 -0.871514895809 4.617301 -0.0842435101114 -0.89164454996 0.444829211643 -1.72968 -0.959134916153 0.193575447212 0.20637044084 0.573527
-0.270495177964 -0.408774241531 -0.871628348643 4.617403 -0.0842253070304 -0.891860079929 0.444400377457 -1.729802 -0.959029955921 0.193621324468 0.20681471504 0.573449
-0.270277331422 -0.408759730087 -0.871702728674 4.61728 -0.0843143716206 -0.891871918145 0.444359728556 -1.729803 -0.959083547381 0.193597429434 0.20658844222 0.573469
-0.270643140909 -0.408313529541 -0.871798343582 4.617162 -0.084222570598 -0.892080166907 0.44395893325 -1.729802 -0.958988450859 0.193579537669 0.207046163246 0.573344
-0.27053146697 -0.408103813439 -0.871931191572 4.617101 -0.084186680266 -0.892205639462 0.443713533462 -1.729746 -0.959023111424 0.193443465561 0.207012795225 0.573333
-0.270713441614 -0.407810365931 -0.872012005633 4.616991 -0.0841827544657 -0.892337037605 0.443449969184 -1.729585 -0.958972104068 0.193456239903 0.207237030626 0.573329
-0.27141535727 -0.406967670077 -0.872187490939 4.617286 -0.0839936553099 -0.892731378172 0.442691486584 -1.729842 -0.958790263669 0.193411483471 0.20811830375 0.573256
-0.271124597258 -0.406083318186 -0.87268997442 4.617382 -0.0844870493 -0.893109864354 0.441833349459 -1.729929 -0.958829177311 0.193522889819 0.207835270956 0.573337
-0.272132573534 -0.404582184983 -0.873073374933 4.618358 -0.0839190386327 -0.893880279139 0.440381245652 -1.730212 -0.958593478685 0.193109559996 0.209301792782 0.573311
-0.272351327972 -0.403567543619 -0.873474665854 4.618881 -0.0841491298167 -0.894322834613 0.439437812939 -1.73047 -0.958511177871 0.193183604963 0.209610154024 0.573409
-0.272819387096 -0.402190567872 -0.873963574263 4.619254 -0.0842423620757 -0.894948199481 0.438144890051 -1.730497 -0.958369869339 0.193159176227 0.210277735823 0.573369
-0.273314280372 -0.401703118761 -0.874033127817 4.619433 -0.0835627400203 -0.895279302327 0.437598262456 -1.730551 -0.958288355676 0.192638457224 0.211125204969 0.573264
-0.273359446946 -0.400954751893 -0.874362567645 4.619088 -0.0840243076319 -0.895556233823 0.436942728269 -1.730584 -0.958235111281 0.192910131913 0.211118811368 0.5733
-0.273572375223 -0.400586975479 -0.874464539356 4.618646 -0.0839273617746 -0.895738042252 0.43658854498 -1.730443 -0.958182839264 0.192830066999 0.211428975783 0.573272
-0.273814509282 -0.400090609855 -0.874615983396 4.618297 -0.0833992237634 -0.896067544705 0.436013216316 -1.730195 -0.958159790422 0.192329038972 0.21198904874 0.573298
-0.274374442899 -0.397960828448 -0.875411814008 4.61757 -0.0835706729324 -0.897036054964 0.433984168743 -1.729852 -0.957984659433 0.192232918915 0.212865913607 0.57353
-0.274513863022 -0.397040268746 -0.87578602638 4.617637 -0.0836953148782 -0.897452997275 0.43309723152 -1.729806 -0.957933835542 0.192190381332 0.213132878851 0.57355
-0.275432574201 -0.394315519731 -0.876728103786 4.617777 -0.0830070394388 -0.898842611577 0.430339158127 -1.729898 -0.957729987247 0.191304026391 0.21483957041 0.573691
-0.276192329152 -0.393153797003 -0.877010769158 4.617826 -0.0821407305006 -0.899510417511 0.429108272096 -1.729915 -0.957585869628 0.190554718364 0.216143937224 0.573636
-0.280065106132 -0.388962532095 -0.877651231956 4.617977 -0.0800381875057 -0.901593946434 0.425114389658 -1.730031 -0.956638607243 0.189305320526 0.22137314822 0.573493
-0.288558838795 -0.380726170479 -0.878510887619 4.618311 -0.0770160348565 -0.90533829076 0.417649505757 -1.730239 -0.95435964234 0.188175881547 0.231921345882 0.573039
-0.29516740948 -0.369437142268 -0.881131317281 4.61892 -0.0738487637539 -0.910640021729 0.406547796597 -1.730747 -0.952587298085 0.185070118437 0.241508779941 0.572732
