-0.375957971239 0.141235873562 0.915810041374 0.898059 0.0281363224783 0.98960039097 -0.141065281164 2.028148 -0.926209453212 -0.0272670902657 -0.37602201341 0.955674
-0.376042498416 0.141255676205 0.915772282462 0.898305 0.0280947821465 0.989595731922 -0.141106238621 2.027639 -0.92617639929 -0.0273335197415 -0.376098598904 0.95535
-0.376158052102 0.141107406765 0.915747683369 0.898602 0.0279621176009 0.989614121206 -0.141003585373 2.027007 -0.9261334892 -0.0274333895981 -0.376196982067 0.954911
-0.376300453826 0.141140019794 0.915684150383 0.898682 0.0279946401592 0.989609412728 -0.141030175362 2.026851 -0.926074656047 -0.0274354707023 -0.376341635186 0.954783
-0.37633678119 0.141169355706 0.91566469853 0.898715 0.0279337734999 0.989602921558 -0.141087780978 2.026779 -0.926061731971 -0.0275185510678 -0.376367370963 0.95472
-0.376450434328 0.141132725361 0.915623625911 0.898683 0.027884689092 0.989606584452 -0.14107179776 2.026782 -0.926017016371 -0.0275746594044 -0.376473270698 0.954707
-0.376541410045 0.141105367767 0.915590433386 0.898623 0.0279212800199 0.989611470785 -0.141030276938 2.026821 -0.925978924514 -0.0275392824632 -0.376569541092 0.954716
-0.376622323938 0.141103639048 0.915557419368 0.898573 0.0278912463793 0.989610472118 -0.141043226886 2.026875 -0.925946922608 -0.0275839903274 -0.376644952164 0.954734
-0.376699298501 0.141090446418 0.915527784635 0.89855 0.0278827054696 0.989611896566 -0.141034920888 2.026923 -0.92591586726 -0.0276003641943 -0.376720090587 0.954729
-0.376749401377 0.141068994078 0.91551047371 0.898533 0.0278409475672 0.989613725216 -0.141030338942 2.026959 -0.925896738411 -0.0276444166766 -0.376763873037 0.954749
-0.37685673082 0.141082112803 0.915464276683 0.898466 0.0278708299733 0.989612102721 -0.141035821634 2.026986 -0.925852159511 -0.0276355494675 -0.37687405739 0.954782
-0.376923938944 0.141102545588 0.91543345792 0.898466 0.0278842588592 0.989609046362 -0.141054611646 2.027025 -0.92582439607 -0.0276406763188 -0.376941879677 0.954794
-0.37700612738 0.141121194138 0.915396738296 0.898473 0.027897188998 0.989606180578 -0.141072159576 2.027043 -0.925790541518 -0.0276480727466 -0.377024478395 0.9548
-0.37707323779 0.141162482363 0.915362729696 0.898481 0.0279294823109 0.989600472195 -0.14110580941 2.027062 -0.925762235869 -0.0276416172582 -0.377094449223 0.954808
-0.377129639993 0.141178100947 0.915337084604 0.898467 0.0279437730982 0.989598231483 -0.141118693982 2.02707 -0.92573882936 -0.0276420704572 -0.377151873596 0.954791
-0.377160657267 0.141128586938 0.915331940095 0.898453 0.0279591247188 0.989606179007 -0.141059908605 2.027081 -0.925725729336 -0.027610367971 -0.377186348674 0.954759
-0.377199952406 0.141123456693 0.915316538623 0.898431 0.0279866487494 0.989607609613 -0.141044413178 2.027072 -0.92570888696 -0.0275853034767 -0.377229515859 0.954764
-0.377199593407 0.141196185451 0.915305470293 0.898425 0.0280131467635 0.989597191104 -0.141112235358 2.027038 -0.925708231757 -0.0275868913288 -0.377231007587 0.954775
-0.37717773617 0.141215862382 0.915311441832 0.898449 0.0279618134957 0.989592726214 -0.141153721915 2.027059 -0.925718689626 -0.0276462734568 -0.37720099581 0.954771
-0.377207404171 0.141211996984 0.915299812164 0.898451 0.0279941758933 0.989594151679 -0.14113731285 2.027096 -0.925705622946 -0.0276149754752 -0.377235354619 0.954771
-0.377191269916 0.141183588793 0.915310843459 0.898469 0.0279952591315 0.989598638136 -0.141105637256 2.027121 -0.925712164425 -0.0275994502605 -0.37722043818 0.954784
-0.377250968268 0.140830169838 0.915340685321 0.898437 0.0278199148594 0.989647554172 -0.140796913524 2.027223 -0.925693123707 -0.0276510720229 -0.37726338139 0.95481
-0.377402906277 0.141014133456 0.915249725758 0.898367 0.0278097927627 0.989618231679 -0.141004861459 2.027194 -0.925631493501 -0.0277627393142 -0.377406370568 0.9548
-0.376948274886 0.141279342487 0.915396168578 0.89832 0.0279334264763 0.98958314394 -0.141226502173 2.027165 -0.92581300582 -0.0276649347904 -0.37696807509 0.954862
-0.376850193248 0.141319785563 0.915430308684 0.898302 0.027813242556 0.989573756313 -0.141315973462 2.027146 -0.925856552273 -0.0277938666898 -0.376851622774 0.954857
-0.37670021614 0.141871009292 0.915406775091 0.898323 0.0278493777125 0.989490275101 -0.141892239542 2.027111 -0.925916496948 -0.0279573282641 -0.376692219823 0.954863
-0.376995427776 0.141975314303 0.915269062934 0.898346 0.0276221886206 0.989465801433 -0.142107151441 2.027037 -0.925803144374 -0.0282920116526 -0.376945751992 0.95489
-0.377018679855 0.141851423847 0.915278694493 0.898356 0.0276890280748 0.989486954319 -0.141946768038 2.026967 -0.925791678924 -0.0281734056272 -0.376982793308 0.95489
-0.37712344957 0.141884511113 0.915230402298 0.898352 0.0273387757442 0.989470585532 -0.142128644926 2.0269 -0.925759415359 -0.0285787661343 -0.377031509295 0.95489
-0.377021012956 0.141741437134 0.915294772622 0.898356 0.0276204902405 0.989501908306 -0.14185584929 2.02683 -0.925792776116 -0.0282017456587 -0.376977979772 0.954901
-0.377505804227 0.141686838098 0.915103386337 0.898374 0.0274357494964 0.989502418561 -0.141888136615 2.026852 -0.925600695454 -0.0284570478525 -0.3774301909 0.954869
-0.377615434057 0.141437673773 0.915096698934 0.89839 0.0276877914941 0.989548184018 -0.141519531194 2.026902 -0.925548469916 -0.0281029526024 -0.377584763849 0.95487
-0.377609178323 0.141276865247 0.91512412043 0.898422 0.0273368689845 0.989562365931 -0.141488584444 2.026927 -0.925561453411 -0.0284107599292 -0.377529899054 0.954858
-0.378030432382 0.141121758997 0.91497412058 0.898487 0.0275361884257 0.989590435015 -0.141253422094 2.02697 -0.925383569402 -0.0282031924408 -0.377981255377 0.954799
-0.378019000389 0.141182961794 0.914969402026 0.898493 0.0275836049329 0.989582483165 -0.141299871736 2.027108 -0.925386827269 -0.0281758817575 -0.37797531613 0.954794
-0.378338326831 0.141440096803 0.914797687725 0.898516 0.0278597410638 0.989549634004 -0.14147563985 2.027162 -0.925248045272 -0.0280396301624 -0.378325037318 0.954821
-0.378350665877 0.141546517022 0.91477612406 0.898519 0.0283594050237 0.98954813414 -0.141386825297 2.027192 -0.925227819392 -0.0275512928892 -0.378410370475 0.954826
-0.378225419912 0.141444254002 0.914843732417 0.898478 0.0286084744427 0.989571871881 -0.141170342392 2.027388 -0.925271358533 -0.0272219284925 -0.378327741101 0.95484
-0.378275135152 0.141298775658 0.914845658088 0.898492 0.0285686548782 0.989592912783 -0.141030843892 2.027487 -0.925252265106 -0.0272125516612 -0.378375108785 0.95487
-0.37788899914 0.141382358278 0.914992313135 0.898502 0.0286937024336 0.989585439464 -0.141057893932 2.027482 -0.925406167998 -0.0270497091968 -0.378010234601 0.954957
-0.377750399827 0.141497712009 0.915031711433 0.898522 0.0287016772275 0.989568507334 -0.141175008474 2.027431 -0.925462505537 -0.027065971062 -0.37787112096 0.954988
-0.377863089474 0.141530267205 0.914980146822 0.898555 0.0284991415513 0.989557020552 -0.141296503874 2.027359 -0.925422759902 -0.0273145847647 -0.377950564116 0.95496
-0.377704624268 0.141595683876 0.915035452381 0.898478 0.0285798109125 0.989550016078 -0.141329261262 2.02721 -0.925484960015 -0.0272291753159 -0.377804394889 0.954948
-0.377651162649 0.14166674834 0.915046518908 0.898462 0.0286512526185 0.989541380766 -0.141375250575 2.027143 -0.92550456783 -0.0271732987784 -0.37776038273 0.954905
-0.377744917324 0.141426980132 0.915044909678 0.898462 0.0284530607011 0.989572143245 -0.141199846492 2.027119 -0.92547242032 -0.0273016959799 -0.377829877887 0.954858
-0.377676061663 0.141542888564 0.915055409876 0.898475 0.0285148362005 0.989556386166 -0.141297780292 2.027139 -0.925498620508 -0.0272721340553 -0.377767831004 0.95483
-0.377819522905 0.14149737297 0.915003224887 0.898508 0.0284529902754 0.989560935653 -0.141278384667 2.02714 -0.925441967633 -0.0273431540321 -0.377901463971 0.954781
-0.377711107547 0.141539338036 0.915041493608 0.898444 0.0284206181504 0.989553992961 -0.1413335186 2.027126 -0.925487216389 -0.0273771949622 -0.377788170139 0.954748
-0.377784138238 0.141546682826 0.9150102084 0.898406 0.0283543447748 0.989550560523 -0.141370857327 2.02715 -0.925459440509 -0.027463152586 -0.377849969197 0.954735
-0.377764471587 0.141633100832 0.915004955591 0.898391 0.0284756844235 0.989540891099 -0.141414144412 2.027177 -0.92546374289 -0.0273658471772 -0.377846491323 0.954725
-0.37783392408 0.141492156887 0.914998084891 0.898348 0.0284758349159 0.989562349995 -0.141263874713 2.027233 -0.925435385448 -0.0273189496999 -0.377919333122 0.954708
-0.377622806774 0.141515618265 0.915081605974 0.898329 0.0282924737776 0.989554262737 -0.141357338073 2.027247 -0.925527175037 -0.0274898324198 -0.377682085069 0.954774
-0.377694367705 0.141573474588 0.915043122425 0.89835 0.0283016994269 0.989545268834 -0.141418438464 2.027257 -0.925497692279 -0.027515672284 -0.377752444552 0.954814
-0.377767316214 0.141412080918 0.915037965426 0.898376 0.0281696543252 0.989565934002 -0.141300151584 2.027294 -0.925471947374 -0.0276022758641 -0.377809196542 0.954895
-0.377572922523 0.141493953909 0.915105539916 0.898411 0.0280648036359 0.989551050028 -0.141425196428 2.027285 -0.925554458135 -0.0277160674498 -0.377598681977 0.954937
-0.376703847209 0.141447367557 0.91547083717 0.898363 0.0278550468604 0.98955598646 -0.141432125155 2.027303 -0.925914849143 -0.0277775425961 -0.376709570179 0.955119
-0.377106770999 0.14144036197 0.915306018374 0.898364 0.0280169207624 0.989560052028 -0.141371692997 2.027252 -0.925745934594 -0.0276681664666 -0.377132519344 0.955068
-0.377579683167 0.141317460552 0.915130022566 0.898463 0.0277372086014 0.989568429727 -0.141368207693 2.027327 -0.925561575541 -0.0279946107373 -0.377560686051 0.954916
-0.37745864716 0.14134536423 0.915175643084 0.89839 0.0278347722096 0.989567628745 -0.141354637692 2.027403 -0.925608013762 -0.027881824756 -0.377455174436 0.954945
-0.377578538268 0.141489527344 0.915103907265 0.898386 0.0280229027475 0.989550452421 -0.141437686049 2.027474 -0.925553436794 -0.0277599669574 -0.377597960632 0.954909
-0.37769190057 0.141456059037 0.915062299303 0.898336 0.0277738134782 0.989547590858 -0.141506822139 2.027509 -0.925514691147 -0.0280312109757 -0.377672884495 0.954905
-0.377186515206 0.141650805162 0.915240614344 0.897976 0.0279889469485 0.989526312183 -0.141613192701 2.027534 -0.925714292639 -0.0277979656619 -0.377200638267 0.955459
-0.377328384763 0.141785268776 0.915161312343 0.898127 0.0274652209832 0.98948890384 -0.141976655873 2.027435 -0.925672162101 -0.0284367145559 -0.377256413566 0.955358
-0.377072066599 0.141547699893 0.91530372295 0.898201 0.0273465223773 0.989523303701 -0.141759652746 2.027281 -0.925780116607 -0.0284232314797 -0.376992434417 0.955243
-0.377491795044 0.141472776423 0.915142283039 0.898329 0.0270816071754 0.9895247224 -0.141800600537 2.027222 -0.925616838237 -0.0287450394163 -0.377368773856 0.955317
-0.377233128239 0.141608181804 0.91522799881 0.898325 0.0274651146207 0.989516806675 -0.141782074981 2.027078 -0.925710988613 -0.028348053782 -0.377167805371 0.955399
-0.377254671802 0.141627147334 0.915216184156 0.898376 0.0274839959798 0.989514344406 -0.141795599998 2.027008 -0.925701648788 -0.0283392546144 -0.37719138919 0.955632
-0.376825823228 0.141549734958 0.915404812901 0.898253 0.0271827080913 0.989519121178 -0.14182034129 2.027058 -0.925885197705 -0.0285583850427 -0.376724062563 0.955898
-0.376831777119 0.141459319396 0.915416338455 0.898183 0.027051465452 0.989529042693 -0.141776203515 2.027189 -0.925886618313 -0.02866242527 -0.37671266956 0.955793
-0.376523641339 0.141292824481 0.915568831527 0.898218 0.0267113460167 0.989545732019 -0.141724197782 2.027312 -0.926021841809 -0.0289064351538 -0.376361483816 0.956098
-0.376043954153 0.141092114076 0.915796898821 0.898431 0.0263921988931 0.989569116939 -0.141620671646 2.027376 -0.926225888422 -0.0290857034561 -0.375845214778 0.956154
-0.375667502853 0.140983855478 0.9159680561 0.898756 0.0261224383489 0.989579192006 -0.141600285887 2.027469 -0.9263862831 -0.0292673067273 -0.375435586009 0.955936
-0.376150250526 0.140977903732 0.915770833609 0.899014 0.025814601524 0.989567942944 -0.141735290754 2.027524 -0.926199004198 -0.0296735059686 -0.375865518059 0.956045
-0.376146277782 0.14095723054 0.915775647672 0.898953 0.0254889782952 0.98956067183 -0.141844946163 2.02748 -0.926209635933 -0.0300122629148 -0.375812419139 0.956194
-0.375157998864 0.140809595362 0.916203652985 0.898593 0.0253122061495 0.989582753362 -0.141722498104 2.027325 -0.926615221172 -0.0299771930432 -0.374814086967 0.956733
-0.374607771094 0.140580927147 0.916463867678 0.898348 0.0243619468029 0.989589762765 -0.141840040113 2.027107 -0.926863265743 -0.0308075372874 -0.374132840395 0.957173
-0.374020339769 0.140664465029 0.916690947767 0.898184 0.0239227973915 0.989565176939 -0.142086101902 2.027085 -0.927111905438 -0.0312132802958 -0.373482591199 0.957491
-0.371223793704 0.140384021093 0.917869937197 0.897639 0.0232009323618 0.989598850747 -0.141971234188 2.026917 -0.92825352772 -0.0314076618224 -0.370619679798 0.957392
-0.370897674764 0.139940775091 0.918069438725 0.897617 0.0227556688911 0.989653915503 -0.141659122766 2.026931 -0.928394902177 -0.0316497550762 -0.370244782023 0.957493
-0.369062128097 0.139833049128 0.918825263027 0.897394 0.022141138257 0.989659187427 -0.141719662499 2.026978 -0.929140955723 -0.0319595230526 -0.368341788676 0.957613
-0.368313563482 0.139777647015 0.919134010006 0.89718 0.0220101059666 0.989667193431 -0.141684161011 2.027083 -0.929441054716 -0.031953961273 -0.367584371496 0.957718
-0.365870616689 0.139269014347 0.920186303683 0.89709 0.0209367294137 0.989721332281 -0.141468504587 2.027209 -0.930430193623 -0.0324934773648 -0.365025791861 0.958714
-0.337134932662 0.132623645119 0.93206813374 0.896344 0.0127729589005 0.990581217578 -0.136329391192 2.028782 -0.941369687583 -0.0340561321548 -0.335653528453 0.966101
-0.321488217229 0.129789329366 0.937976575489 0.896483 0.00798945345576 0.990898498043 -0.134373863566 2.030467 -0.946879873488 -0.0357056936476 -0.319599137397 0.97134
-0.307793887729 0.126897474179 0.942952784462 0.896067 0.000957217538133 0.991106806225 -0.133065331278 2.033069 -0.951452577069 -0.040054084693 -0.30517808553 0.97719
-0.300589508147 0.121943095994 0.94592591091 0.893365 -0.00892025398248 0.991389918414 -0.13063865713 2.039362 -0.953711893949 -0.0477065090658 -0.296913644571 0.989359
-0.302429586937 0.121806367353 0.945356839409 0.89085 -0.00941056383338 0.991371270751 -0.130745725813 2.042821 -0.953125273106 -0.048437716734 -0.298673737319 0.996593
-0.310755788603 0.122699002115 0.942536893034 0.887831 -0.00503729416983 0.991406318305 -0.130721603769 2.046893 -0.950476441327 -0.0453703306629 -0.307467181303 1.003936
-0.323087102275 0.122848103765 0.938361906593 0.884099 -0.0052971837367 0.991288612391 -0.13160101363 2.051205 -0.946354407285 -0.0474892655811 -0.319621816318 1.011307
-0.330561654518 0.122955619773 0.935740833847 0.879964 -0.00587825167633 0.991189868425 -0.132318142701 2.055963 -0.943766093224 -0.0492398242992 -0.32692659877 1.019874
-0.356279912409 0.123575226759 0.926171575544 0.870873 -0.00617997412702 0.990882555798 -0.134586658084 2.06666 -0.934358834674 -0.0536742391277 -0.352267858483 1.037267
-0.371833188442 0.123939441576 0.919988638405 0.867047 -0.00466541484527 0.990785134759 -0.13536266341 2.07244 -0.928287839992 -0.0546244593828 -0.367828566808 1.045634
-0.37736345035 0.126965526138 0.917320326556 0.863642 0.00235816452935 0.990685449852 -0.136149838458 2.07839 -0.926062236245 -0.0492147805488 -0.374147885168 1.054152
-0.361555452985 0.13836131869 0.922027006062 0.860269 0.0275855960368 0.990081891394 -0.137756608644 2.091486 -0.931942428108 -0.0243719885156 -0.361786286179 1.078411
-0.351339860305 0.144296487929 0.925061525593 0.85971 0.0423871931752 0.989490218227 -0.138247726516 2.099378 -0.935287992233 -0.00936117533738 -0.353763678153 1.094014
-0.345611587237 0.14923476278 0.926434895902 0.859637 0.0548664551214 0.98879767096 -0.138812240117 2.108616 -0.936772279089 0.00285508000409 -0.349927914932 1.111135
-0.340575446831 0.153563816578 0.927591784814 0.859902 0.0639034198072 0.988071145015 -0.140113401662 2.119441 -0.938043025641 0.0115571028568 -0.346326024752 1.129469
-0.339637959486 0.156663352429 0.927417193329 0.860123 0.0682591243994 0.987536059852 -0.141821093031 2.132064 -0.938076088818 0.0151368589206 -0.346098435549 1.146799
-0.35293258443 0.156780497557 0.922419897028 0.860764 0.0613942106459 0.987617151302 -0.144371442305 2.162816 -0.933632337565 0.00567785521138 -0.358187688529 1.174089
-0.359293824663 0.157113128578 0.919904023465 0.861411 0.058304578586 0.98757986574 -0.14589922858 2.180511 -0.931401376247 0.00121392457574 -0.363991761874 1.184409
-0.364272838232 0.156220794718 0.918096053049 0.862765 0.0535188068272 0.987712573576 -0.146831908369 2.199731 -0.929753212763 -0.00435147069249 -0.368157613069 1.193264
-0.369815673208 0.151106593076 0.916735057352 0.867194 0.037042972941 0.988299477885 -0.147959319302 2.242031 -0.928366407194 -0.0207590833513 -0.371086074183 1.211137
-0.366583568553 0.148197149627 0.918506446417 0.870571 0.0279357965021 0.988540652116 -0.148347465054 2.26473 -0.929965632989 -0.0287225339524 -0.366522765327 1.221848
-0.360769663261 0.145954480676 0.921163687757 0.874696 0.0207746163375 0.988691514264 -0.14851769234 2.288068 -0.93242354399 -0.0344438556565 -0.359722053008 1.233629
-0.353997779606 0.144065900985 0.924083647841 0.879688 0.0158553624233 0.988846973841 -0.148088722757 2.312139 -0.935111854014 -0.0377713978947 -0.352333850182 1.246258
-0.347615218992 0.143752328515 0.926552172072 0.884997 0.0141376301056 0.988868850935 -0.148116586059 2.336705 -0.937530685866 -0.0383883276168 -0.345778179419 1.259548
-0.340218936976 0.142099405902 0.929547650078 0.895975 0.0090679897681 0.988966168491 -0.147863751953 2.38693 -0.940302529234 -0.041876919927 -0.337753574508 1.287691
-0.339115748534 0.143078745471 0.929800506394 0.901415 0.0101724152941 0.988866422983 -0.14845780365 2.41244 -0.940689657147 -0.0408860623187 -0.336795633649 1.302052
-0.339012604165 0.142104823072 0.929987458774 0.906792 0.0064103588392 0.988852142475 -0.148762722553 2.438372 -0.940759991452 -0.0444708846487 -0.336144282863 1.316348
-0.340285870896 0.140578046636 0.929754450848 0.916951 8.46224068524e-06 0.988762199022 -0.149496868575 2.490496 -0.940322033134 -0.0508638043132 -0.336462995609 1.343913
-0.339627295713 0.140755441084 0.929968389684 0.921714 -0.000461487591711 0.988713877323 -0.14981540581 2.516455 -0.940559985879 -0.0513105700039 -0.335729263499 1.357373
-0.340129901637 0.140588128506 0.929809995717 0.926615 -0.00147748704174 0.988680362635 -0.150029855603 2.542452 -0.940377300366 -0.0524034222487 -0.336072037355 1.37036
-0.339530783449 0.140812982055 0.929994919973 0.931449 -0.00163093382385 0.988640890012 -0.150288158721 2.568713 -0.940593529186 -0.0525442164447 -0.33544435928 1.383105
-0.339296317567 0.141480080127 0.929979244829 0.935745 -0.0013135756194 0.988552699877 -0.150870255803 2.595191 -0.940678629185 -0.0524113202867 -0.335226446005 1.39524
-0.341195101915 0.141608073749 0.929264793199 0.943808 -0.00262798472139 0.988439887376 -0.151590510061 2.648013 -0.93998882766 -0.0541640332084 -0.336878704256 1.419765
-0.343267088076 0.141641536768 0.928496301181 0.947584 -0.00467801006893 0.988293474788 -0.152493029063 2.674256 -0.939226182805 -0.0566893530842 -0.33858602272 1.431837
-0.341911498086 0.142450122253 0.928872698569 0.95179 -0.00299265201668 0.988274025964 -0.152661369175 2.700479 -0.939727392125 -0.054976470189 -0.337475949091 1.44418
-0.343723677747 0.142835933743 0.92814434728 0.960318 -0.00442968430504 0.988106962382 -0.15370429008 2.752689 -0.939060387437 -0.0569431903199 -0.339003041024 1.467934
-0.344322303272 0.14322845023 0.927861930739 0.964308 -0.00478949605642 0.988013827473 -0.154291080263 2.778789 -0.938839289867 -0.0575698511886 -0.339509204642 1.47922
-0.344259948282 0.14339095767 0.927859968566 0.968369 -0.00512154933581 0.987966986184 -0.154580089091 2.804579 -0.938860403756 -0.0579678140816 -0.339383079704 1.490366
-0.344916081665 0.143665752248 0.92757374275 0.972413 -0.00449755133754 0.987952840364 -0.15468987442 2.830146 -0.938622750971 -0.0575268358855 -0.340114678472 1.501395
-0.344082350971 0.143166195248 0.927960546731 0.976494 -0.00607704170558 0.987946835135 -0.154674239974 2.855694 -0.938919807712 -0.0588599310683 -0.339065042728 1.512661
-0.345760453336 0.140922497498 0.927680202768 0.983832 -0.0133757072709 0.987817146898 -0.15504313835 2.906449 -0.938227477408 -0.0660161646358 -0.33966316645 1.534279
-0.346605038771 0.138079345 0.927792563876 0.987906 -0.0201597057227 0.987781076672 -0.154538444515 2.931519 -0.93779450487 -0.0722678286122 -0.339586259416 1.544822
-0.348378366329 0.134709816324 0.927623727197 0.992151 -0.0289856503754 0.987597971802 -0.154305146269 2.956166 -0.936905729487 -0.08064435181 -0.340153116368 1.554829
-0.345758576709 0.125895855465 0.929839362583 1.000439 -0.0561574628414 0.986405423523 -0.154436653073 3.00366 -0.936641524811 -0.105615216811 -0.33398814347 1.573521
-0.340533616179 0.120009011285 0.932542059889 1.004386 -0.0748486098483 0.985213106125 -0.154119502734 3.025672 -0.937248388559 -0.122282348398 -0.326515674072 1.582978
-0.335849743782 0.113407423817 0.935063476896 1.00807 -0.0959938326917 0.983435477989 -0.153752543775 3.045925 -0.937011277246 -0.14139807939 -0.319400140041 1.592859
-0.333004675032 0.107192386544 0.936812509883 1.011081 -0.114842314881 0.981510393175 -0.153129327048 3.063951 -0.935905512923 -0.158578499037 -0.314537327711 1.602735
-0.329227168972 0.103198726345 0.938594424707 1.013555 -0.128002636134 0.979956468336 -0.152645488988 3.079169 -0.935534497682 -0.170397602819 -0.309418584769 1.612638
-0.321282072933 0.0959949759807 0.942105511181 1.016168 -0.150954158765 0.976936443034 -0.151023270473 3.10079 -0.934874682277 -0.190735814307 -0.299381324697 1.6322
-0.315315524258 0.0933930503617 0.944380145019 1.016101 -0.160572483454 0.975546022347 -0.150088093597 3.106375 -0.935303478941 -0.198966571127 -0.292608451441 1.642445
-0.309185345528 0.0922076656703 0.946521087194 1.014894 -0.166140288914 0.974745354906 -0.149227669984 3.108189 -0.936376968165 -0.203394295596 -0.286057571144 1.653006
-0.302455519461 0.0892726811932 0.948973680952 1.008355 -0.175033888932 0.973471643864 -0.14736382296 3.100727 -0.936954532767 -0.210673555494 -0.278806127161 1.673975
-0.306622008299 0.0862978308924 0.947911192259 1.003026 -0.179429038219 0.972786155096 -0.146602580798 3.091353 -0.934766368817 -0.21503437129 -0.282793307724 1.683651
-0.312892033628 0.0818270467362 0.946257316862 0.996554 -0.18605084275 0.971700094747 -0.145547276791 3.078061 -0.93138802827 -0.221592554685 -0.288813227717 1.693238
-0.318180967219 0.078014043012 0.944814627952 0.988919 -0.193806921754 0.970208239493 -0.145378296525 3.060591 -0.928008485511 -0.229368221672 -0.293582134516 1.702983
-0.323308003665 0.0722741517041 0.943529746093 0.980325 -0.205481649401 0.967926526256 -0.144552867591 3.039171 -0.923714905437 -0.240613147531 -0.298087380997 1.712544
-0.331235417904 0.0589664675954 0.941703803553 0.960263 -0.236420512937 0.961020553402 -0.143334702711 2.982258 -0.913448651534 -0.270115626423 -0.304383162105 1.732024
-0.333733731125 0.053963585881 0.941121526748 0.949221 -0.247981015394 0.958170742884 -0.142878422038 2.945807 -0.909465344427 -0.281063620697 -0.306391952256 1.741898
-0.334479945784 0.0529576468826 0.940913733296 0.937562 -0.251851705847 0.957083077293 -0.143397006322 2.903535 -0.908126579355 -0.284934151686 -0.306787622099 1.752311
-0.338683649349 0.0584695397226 0.939081838068 0.912557 -0.236739334587 0.960662857279 -0.145194222004 2.80158 -0.910630481108 -0.271492518439 -0.31151876237 1.773586
-0.342345199729 0.0675235027124 0.937144781132 0.899377 -0.210910772841 0.966437410669 -0.146681209288 2.742407 -0.915596204733 -0.247869537943 -0.31661377424 1.784463
-0.347825738753 0.0788855184434 0.934234622801 0.886022 -0.176662926459 0.973089915752 -0.147939941454 2.678905 -0.920764609374 -0.216501941891 -0.324529572276 1.795376
-0.352898487163 0.0922730923277 0.931100603689 0.872562 -0.137010868149 0.979302484639 -0.148978742068 2.61189 -0.925575863864 -0.180145274741 -0.332951948818 1.80676
-0.358637598985 0.102513820857 0.927830797682 0.859196 -0.107597988721 0.982786774361 -0.150175993302 2.542782 -0.927254951681 -0.153691485367 -0.341434008131 1.818033
-0.361673200936 0.116436440741 0.925005432953 0.833873 -0.068888382772 0.986120639362 -0.151064474127 2.400194 -0.929756358647 -0.118358100237 -0.348632290049 1.839693
-0.362766037354 0.118356383839 0.924333580774 0.822224 -0.065660495712 0.986189989327 -0.152046059646 2.327727 -0.929564145955 -0.11584934767 -0.349984895673 1.849311
-0.362451870786 0.116801282434 0.924654585121 0.811197 -0.0726497789581 0.985556472896 -0.152972050879 2.254758 -0.929166643278 -0.122620957241 -0.348731200015 1.858352
-0.359808342104 0.110270244661 0.926487145132 0.789741 -0.0961256223595 0.983326442049 -0.154366359979 2.106669 -0.928061324309 -0.144601457495 -0.343209260964 1.874347
-0.35678589143 0.107284547396 0.928005309018 0.779589 -0.106901622196 0.982169316941 -0.154646293303 2.030898 -0.928049498059 -0.154380888553 -0.338955263127 1.882345
-0.352439412046 0.105875339642 0.929826259735 0.769587 -0.11415917217 0.981295392951 -0.155006564967 1.9536 -0.928845597635 -0.160778618693 -0.333760530209 1.889913
-0.345045210425 0.10587025801 0.932595995719 0.759706 -0.118067250139 0.980829347973 -0.155028754107 1.874552 -0.9311304566 -0.163600973788 -0.325930658528 1.897681
-0.339731635513 0.109271136885 0.93415321788 0.749723 -0.110110016619 0.981776935559 -0.154886516665 1.793743 -0.934054709357 -0.155479475971 -0.321508837328 1.905466
-0.32490242038 0.116801547236 0.938507227353 0.729912 -0.0929651945208 0.983594121076 -0.154596499288 1.62743 -0.941167301726 -0.137477283751 -0.30871363205 1.921125
-0.311391747519 0.123291280386 0.942249669545 0.718943 -0.0821976026095 0.984336927146 -0.155962713438 1.542426 -0.946719986956 -0.126016165781 -0.296380148221 1.929216
-0.298450728468 0.132283920439 0.94521327068 0.707242 -0.0699115954428 0.984657877445 -0.159878807879 1.45654 -0.951861088342 -0.113797314465 -0.284623680885 1.937115
-0.279526724496 0.156064148963 0.947369406146 0.680209 -0.0521832518844 0.98277360554 -0.177293396594 1.283306 -0.958718790113 -0.0989950587731 -0.266567552083 1.952035
-0.278450011414 0.170889796739 0.945125530559 0.664471 -0.0439963472003 0.980741262904 -0.190291609565 1.196561 -0.959442500923 -0.0945687718457 -0.26556888902 1.957947
-0.280873418824 0.187232297047 0.941304514778 0.646505 -0.037616584479 0.977884980652 -0.205732732417 1.110132 -0.959007359289 -0.0931935167187 -0.267618858213 1.962695
-0.287477171834 0.204357902078 0.935732185795 0.626871 -0.0328575142793 0.974293376103 -0.222873957735 1.024172 -0.957223724857 -0.0948170087015 -0.273372411613 1.966132
-0.29938847833 0.221998812793 0.92794561595 0.606129 -0.0290348591426 0.969985288136 -0.241423937825 0.938956 -0.953689423239 -0.099222315629 -0.283956715159 1.968158
-0.324946804907 0.258960812627 0.909587198406 0.562506 -0.0254333243607 0.959040148646 -0.282126105309 0.770699 -0.94539024746 -0.114809802752 -0.305050797736 1.969792
-0.334129567438 0.278540473064 0.900429140482 0.540393 -0.022634374176 0.952688165281 -0.303105501169 0.687528 -0.942255335495 -0.121657160078 -0.312016695278 1.969916
-0.342857876468 0.298632019318 0.890655597626 0.518481 -0.0207307346873 0.945487723796 -0.324997231974 0.605169 -0.939158513342 -0.129891805704 -0.317977052045 1.968029
-0.338031387376 0.341327802158 0.877057644983 0.474514 -0.018659233846 0.929301164308 -0.368851161051 0.442786 -0.940949846772 -0.1410484934 -0.307764046583 1.958091
-0.34021207722 0.360052711811 0.868687393273 0.452301 -0.0163902057327 0.921381962909 -0.388312553986 0.363132 -0.940205883661 -0.146346585695 -0.307563933493 1.948083
-0.342579812002 0.376140779843 0.860904864749 0.430344 -0.0152702523354 0.914004262544 -0.40541710305 0.284323 -0.939364621328 -0.152033949466 -0.307375643809 1.93496
-0.344844733224 0.390104264982 0.853756857899 0.408909 -0.0131333425704 0.907454559227 -0.419944922878 0.206407 -0.938567858644 -0.156028476185 -0.30780755244 1.919185
-0.348467698692 0.400776024308 0.847318618531 0.388004 -0.0139634226962 0.901659390109 -0.432221432896 0.129585 -0.937216776309 -0.162446676075 -0.308602967641 1.900153
-0.350748958984 0.417929805605 0.838039286286 0.348787 -0.0117143178059 0.892864122785 -0.450173780892 -0.021252 -0.936396252945 -0.167715043543 -0.308275399018 1.854416
-0.355663149532 0.423295657841 0.83326136963 0.330116 -0.010759539534 0.889642977058 -0.456529961427 -0.095439 -0.934552275891 -0.171336392586 -0.311858756814 1.827471
-0.364839125097 0.426280511897 0.827754394718 0.312384 -0.0113166227192 0.886939156122 -0.461747623044 -0.168593 -0.931001797447 -0.177830982996 -0.318766050008 1.799483
-0.388951126377 0.432190228311 0.813589962968 0.280664 0.00206160271609 0.883535078404 -0.468360454163 -0.313041 -0.921256083337 -0.180492026919 -0.344542968487 1.747678
-0.400228032708 0.434173506472 0.807038343645 0.267117 0.0108744248923 0.882834729514 -0.469557863577 -0.384071 -0.91635106194 -0.179154142129 -0.358056594186 1.725618
-0.415516635553 0.434148188272 0.799287980767 0.255116 0.0179651519658 0.882484360249 -0.469998518329 -0.453849 -0.909408147585 -0.180932873012 -0.374486470477 1.705814
-0.42758892893 0.43456606799 0.792666411808 0.245807 0.0274051164734 0.882697882113 -0.469141139215 -0.522801 -0.903557783126 -0.178876441894 -0.38934117569 1.689795
-0.434470312056 0.435847382184 0.788208479645 0.239858 0.0381555648581 0.883240881089 -0.467364631571 -0.591016 -0.899877603239 -0.172981517556 -0.400371944287 1.677813
-0.436243376732 0.433220173442 0.788677372301 0.238138 0.0401736663226 0.884977943843 -0.46389666462 -0.724626 -0.898931472801 -0.170687785838 -0.403469809248 1.663378
-0.435221639333 0.431035831261 0.790436738029 0.241864 0.0382733836283 0.88601172129 -0.462080488489 -0.790372 -0.899509462297 -0.170854739195 -0.402108673536 1.657421
-0.436474418383 0.427235199561 0.791808162596 0.248563 0.033380854578 0.88714772244 -0.460276696257 -0.855389 -0.899097214235 -0.174467770165 -0.401478762239 1.651254
-0.432510027685 0.425164889746 0.795091122123 0.270509 0.0375036848412 0.889558564239 -0.455279073111 -0.982913 -0.900848793958 -0.167093917652 -0.400688249277 1.639305
-0.426444872244 0.42642117064 0.797690263302 0.286231 0.0447713992566 0.890769856067 -0.452243944493 -1.045274 -0.903404833253 -0.157143401871 -0.398955709952 1.633939
-0.416320686677 0.429431669912 0.801414703335 0.304638 0.0548565054548 0.891690900631 -0.449308470365 -1.106549 -0.90756148533 -0.143093600867 -0.394786488797 1.62916
-0.404913832395 0.433321334793 0.805156760606 0.325474 0.0683041828755 0.89244797041 -0.445949726665 -1.166288 -0.911800047673 -0.125575638259 -0.390962187607 1.625126
-0.395972514687 0.436985007959 0.807619879913 0.348369 0.0825741427511 0.892890632249 -0.442637356977 -1.223928 -0.914542114154 -0.108583708084 -0.389643811419 1.621444
-0.38298297329 0.444352988829 0.809860767965 0.400739 0.109770696834 0.892384610224 -0.437721488565 -1.331836 -0.917210137475 -0.0787408963253 -0.390545048566 1.613964
-0.379773605688 0.445534425037 0.810722569397 0.430145 0.118038061596 0.892556348352 -0.435212799709 -1.381294 -0.917517860555 -0.069586213603 -0.391559362599 1.609992
-0.377073319119 0.447614937309 0.810836962593 0.461584 0.124671260568 0.892023187769 -0.434455647069 -1.427788 -0.91775420936 -0.0627335666087 -0.392162862627 1.606117
-0.372717853613 0.449846917452 0.81161515046 0.530904 0.136178656055 0.891683951971 -0.431688664935 -1.510357 -0.917898020062 -0.0503734121996 -0.393606077329 1.59897
-0.371590631147 0.451252002195 0.811351978711 0.568925 0.141020126146 0.891221984003 -0.431087809212 -1.546515 -0.917623957221 -0.0457712327178 -0.394805353801 1.595691
-0.372897702118 0.450947909738 0.810921257866 0.609049 0.141785807076 0.891387045536 -0.430494970891 -1.578886 -0.916975511487 -0.045553460397 -0.396334194309 1.592588
-0.373157953695 0.451769191737 0.810344210192 0.65145 0.144560596763 0.891078951355 -0.43020987473 -1.607553 -0.916436236439 -0.0433923939044 -0.397821222025 1.589891
-0.375013936442 0.449773585412 0.810597476766 0.695998 0.138805854311 0.891799110207 -0.430612681934 -1.632417 -0.916568318394 -0.0489700816692 -0.396868301604 1.58705
-0.368664953695 0.43592945477 0.821006493507 0.790971 0.0902469817661 0.895831133306 -0.435134534232 -1.671328 -0.92517113779 -0.0863254948644 -0.369602860835 1.583311
-0.357440053613 0.43129564079 0.828384378359 0.840824 0.0700677942763 0.896866148772 -0.436716859523 -1.686756 -0.931303984893 -0.0980570314771 -0.350795818532 1.582972
-0.343150740607 0.426276063324 0.83698045799 0.89152 0.0459727332201 0.897641269806 -0.438322550802 -1.70031 -0.938154612535 -0.111932428627 -0.32762334227 1.583172
-0.304943143663 0.418724333029 0.85538272841 0.993342 -0.000271618185277 0.898123393335 -0.439743444031 -1.723171 -0.952370518946 -0.134329085732 -0.273762837817 1.584472
-0.282054199485 0.419740274312 0.862707094369 1.042614 -0.00913904764701 0.898000383535 -0.439899748782 -1.732969 -0.959354942845 -0.131959892737 -0.249448752949 1.585683
-0.259075405555 0.423935619997 0.867847062756 1.090158 -0.0074452284997 0.897622075805 -0.44070304923 -1.741595 -0.965828402362 -0.120636640894 -0.229395505764 1.587636
-0.241066011362 0.427412566061 0.871324093859 1.13558 -0.00421326271217 0.897332048922 -0.441335974508 -1.748984 -0.970499575777 -0.11006222036 -0.214515456473 1.589914
-0.227953138638 0.431761414831 0.872708111139 1.178054 0.00165303106897 0.89647628028 -0.443088643935 -1.754824 -0.973670701045 -0.099560833458 -0.205068296838 1.592279
-0.198334314873 0.436578584806 0.877532129801 1.253737 0.00568329072327 0.895815342154 -0.44439011349 -1.760394 -0.980117951958 -0.0831505384828 -0.18015212516 1.599705
-0.184406258705 0.439408033234 0.879155795112 1.286168 0.00913312635135 0.89522379617 -0.445523221364 -1.759851 -0.982807670785 -0.0741278294587 -0.169098040043 1.604828
-0.171261213317 0.440251724631 0.881389820552 1.31486 0.00700531785175 0.895128583813 -0.445753007799 -1.75684 -0.985200752301 -0.0701657851111 -0.156384910604 1.61047
-0.149469639614 0.44326283852 0.883842114193 1.359454 0.00387901811411 0.894139717788 -0.447771278994 -1.742996 -0.988758706688 -0.0634997721298 -0.135366165962 1.624241
-0.144875075374 0.444382688434 0.884044817165 1.37483 0.000434515756727 0.893499464277 -0.44906404725 -1.732088 -0.989449859129 -0.0646740562906 -0.129638893514 1.631674
-0.147933778729 0.444767537372 0.883344459886 1.385546 -0.0046352804477 0.892850171968 -0.450329973011 -1.718509 -0.988986406017 -0.0707135638859 -0.130021077508 1.639352
-0.159040020186 0.444315615482 0.881640462898 1.391757 -0.00980041102303 0.892252020858 -0.451431371549 -1.702514 -0.987223492388 -0.0804360933549 -0.137549303753 1.646773
-0.179002631751 0.442215741234 0.878864776875 1.393592 -0.0167467404313 0.89179377306 -0.452132074748 -1.684387 -0.983706055949 -0.0956509515717 -0.152227760124 1.65346
-0.220408170028 0.440562869878 0.870243986633 1.385346 -0.019149915052 0.890058402673 -0.455444091612 -1.643411 -0.975219728747 -0.117048697201 -0.187739402218 1.667447
-0.231478900383 0.441561800984 0.866856790127 1.376726 -0.0165472737256 0.889141994518 -0.457332156443 -1.621212 -0.972699185982 -0.12020686127 -0.198510967188 1.675805
-0.236473643216 0.443655310895 0.864436337262 1.365652 -0.0109935864084 0.888390588702 -0.458956755003 -1.59793 -0.971575708384 -0.118034431502 -0.205203596113 1.684966
-0.249978057001 0.443671061523 0.860620102127 1.336217 -0.00968028869349 0.887649812907 -0.460417312508 -1.547725 -0.968203110421 -0.123425276235 -0.217598111568 1.701581
-0.261350331591 0.442992390624 0.857585999202 1.318363 -0.00920005275249 0.887281902129 -0.461135755699 -1.520951 -0.96520016743 -0.128407819093 -0.227815865973 1.708962
-0.273808925143 0.441702093484 0.854358199541 1.299043 -0.00787587242524 0.88724608181 -0.461229184838 -1.49339 -0.961751861524 -0.13301748353 -0.239457106659 1.715974
-0.283641874816 0.441073159243 0.851470348894 1.278201 -0.00435161396299 0.887336507962 -0.461101924843 -1.465119 -0.958920408744 -0.134493084703 -0.249766410593 1.722947
-0.290174331519 0.439410333939 0.850127882001 1.256181 -0.00574288197988 0.887534643445 -0.46070519423 -1.436042 -0.956956569879 -0.138567005857 -0.255016290173 1.729013
-0.294418133614 0.437268434643 0.849773074805 1.208561 -0.00719415288607 0.888145400008 -0.459506248715 -1.375914 -0.955649625524 -0.141400369549 -0.258340335078 1.740849
-0.290644489671 0.438023399021 0.850682833102 1.183001 -0.00567880919555 0.888257349219 -0.459311041327 -1.344954 -0.956814261887 -0.138327088702 -0.255679652654 1.746512
-0.289602738701 0.439327763593 0.850365433136 1.156639 0.00127250427152 0.88861365081 -0.458654728883 -1.313364 -0.957146088364 -0.131745571957 -0.257903993378 1.751384
-0.292288016705 0.442374498025 0.84786350245 1.101914 0.0195837010359 0.889162972544 -0.457171397738 -1.247805 -0.956129799737 -0.117021415788 -0.268555011688 1.759665
-0.299145920816 0.442361447625 0.84547505446 1.073931 0.0257592918472 0.889470439798 -0.456266145588 -1.213403 -0.953859621193 -0.114711317582 -0.277476371384 1.762776
-0.308075767143 0.443162755193 0.841840895959 1.04541 0.0344478375743 0.889495832979 -0.455642962856 -1.177973 -0.95073795979 -0.111372956877 -0.289298109725 1.76586
-0.316364330638 0.442561176844 0.839078789537 1.01651 0.0385529237373 0.889776561622 -0.454765150885 -1.141332 -0.947854040647 -0.111522531974 -0.298555593635 1.768981
-0.322280837008 0.441793116065 0.837229899547 0.987811 0.0406761162689 0.890064805502 -0.454015523492 -1.10333 -0.945769800566 -0.112265242188 -0.304821258665 1.77273
-0.339102531501 0.432010565315 0.835689143513 0.931214 0.0194001476253 0.891345187346 -0.452909915179 -1.023446 -0.940549364681 -0.137370406026 -0.310638478213 1.779413
-0.348436551632 0.425193965155 0.835345474329 0.903726 0.00830834024545 0.892560513187 -0.450851086037 -0.982197 -0.937295546223 -0.150152663295 -0.314533363471 1.782803
-0.355813852922 0.416697364825 0.836516472173 0.87676 -0.00124374948187 0.894882332031 -0.446300420015 -0.940518 -0.934556020341 -0.159840288935 -0.317893263341 1.786535
-0.375135743632 0.392073643767 0.839971089808 0.824859 -0.0151791231677 0.903427425661 -0.428472263727 -0.856885 -0.926845600987 -0.173485285908 -0.332956585013 1.790998
-0.385204085844 0.376963590481 0.842327883725 0.800414 -0.0174639869371 0.909623429538 -0.415066531529 -0.815861 -0.922666148403 -0.174595727 -0.343807374418 1.789562
-0.394079721455 0.359655381764 0.845783175232 0.77733 -0.0210744571621 0.916475476462 -0.399535440604 -0.775505 -0.918834609923 -0.17527323644 -0.353584858549 1.785183
-0.403534290699 0.341882035942 0.848691198098 0.756007 -0.0206516352468 0.923927706398 -0.382009297415 -0.735727 -0.914731428448 -0.171680711933 -0.365776088555 1.777731
-0.409207783966 0.324303614792 0.852863503132 0.736281 -0.0196175282238 0.93136206388 -0.363565480419 -0.696799 -0.912230311998 -0.165504898413 -0.374758570914 1.768388
-0.41026046459 0.289415798291 0.864826483691 0.702379 -0.00795375712964 0.94713593084 -0.320733949342 -0.621133 -0.911933708633 -0.138463078877 -0.386270484047 1.750262
-0.40921997079 0.27140939878 0.871134865426 0.688068 0.000798380531353 0.954841703108 -0.297113925277 -0.584256 -0.912435410369 -0.120889454706 -0.390956981835 1.741667
-0.407164801121 0.253115692018 0.877581489768 0.675713 0.00947845299928 0.961952393823 -0.273052652334 -0.547574 -0.91330552591 -0.102859313979 -0.394072300309 1.733476
