-0.264504764142 0.00700510554479 -0.964358936414 -1.076914 -0.0210022754487 -0.999778299817 -0.00150187916856 0.492415 -0.964155658684 0.0198564778187 0.264593246544 1.329825
-0.264517412958 0.00695580396152 -0.964355823871 -1.078194 -0.0210644147008 -0.999777092994 -0.00143344287214 0.492336 -0.964150832949 0.019934420393 0.264604970113 1.329624
-0.26453714771 0.00689904596769 -0.964350818243 -1.07911 -0.0212136249249 -0.999774076795 -0.00133322382123 0.492287 -0.964142146988 0.0201046893273 0.264623736403 1.32948
-0.264542045472 0.00692410076902 -0.964349295124 -1.080032 -0.0213889843854 -0.999770369998 -0.00131096182085 0.49219 -0.964136928825 0.0202796474938 0.264629398165 1.329346
-0.264646489944 0.00702985247343 -0.964319872519 -1.080179 -0.0215324791755 -0.99976719836 -0.00137892095409 0.492149 -0.964105070882 0.0203992709831 0.264736249959 1.329329
-0.264904630245 0.00703882833392 -0.964248926248 -1.080027 -0.0217013415842 -0.999763605301 -0.00133614722192 0.492076 -0.964030387824 0.0205715437349 0.264994760212 1.329286
-0.265075874845 0.00722520179154 -0.964200485913 -1.079895 -0.0217841512581 -0.999761567708 -0.00150282657888 0.491981 -0.963981447606 0.0206059261581 0.265170067086 1.329362
-0.265360310907 0.00736158212421 -0.964121212558 -1.079856 -0.0219564676156 -0.999757662575 -0.00159048783959 0.491979 -0.963899278413 0.0207466438335 0.265457638512 1.32957
-0.265134208931 0.00654639503413 -0.964189294675 -1.079718 -0.0217764028839 -0.999762546096 -0.000799813085812 0.49209 -0.963965580056 0.0207845167274 0.265213808714 1.329545
-0.265722861945 0.00676377610755 -0.964025732007 -1.079664 -0.0220651675313 -0.999756099715 -0.000932451204425 0.492164 -0.963796912747 0.0210236156786 0.265807295916 1.329608
-0.265588110477 0.00705887735814 -0.964060749032 -1.079479 -0.0224876192406 -0.999746488456 -0.00112507800894 0.492129 -0.963824290291 0.0213806237065 0.265679518171 1.329592
-0.265410269121 0.00693302467634 -0.964110637953 -1.0795 -0.0220292083183 -0.999756694655 -0.00112493284838 0.492188 -0.963883863868 0.0209400253553 0.265498422429 1.329559
-0.265477518728 0.00701725453267 -0.96409151287 -1.079415 -0.022270248711 -0.999751332324 -0.00114435111637 0.492067 -0.963859804677 0.0211667582769 0.265567779054 1.32942
-0.265298749044 0.00720764350906 -0.964139317542 -1.079378 -0.0225836452663 -0.999744163517 -0.00125955520204 0.492059 -0.963901733955 0.0214396219152 0.265393650809 1.32941
-0.265395422702 0.00708454010718 -0.964113623439 -1.079363 -0.0223674561022 -0.99974910986 -0.00118921895826 0.492121 -0.963880161906 0.0212491558817 0.265487300747 1.329383
-0.265300153978 0.00728409627082 -0.964138356379 -1.079305 -0.0228030668977 -0.999739158918 -0.00127838407422 0.492104 -0.963896181359 0.0216461559474 0.265397052533 1.329379
-0.265389437505 0.00719273738269 -0.964114469858 -1.07926 -0.0226186774366 -0.999743405443 -0.00123235748509 0.492103 -0.963875947356 0.0214799395459 0.265484030227 1.329343
-0.265261488825 0.00736963904452 -0.964148344897 -1.079202 -0.0229810931128 -0.999735029728 -0.00131897476366 0.492003 -0.963902594615 0.0218073096791 0.265360564777 1.329345
-0.26529447168 0.00728546998308 -0.964139909569 -1.079201 -0.0228747896408 -0.999737543514 -0.00126019327652 0.491987 -0.963896045896 0.0217201753062 0.265391497019 1.329317
-0.265299790487 0.00727507260144 -0.964138524532 -1.079167 -0.0230315808297 -0.999734010408 -0.00120611707713 0.491986 -0.963890848308 0.0218856517509 0.265396779926 1.329229
-0.265300347914 0.00731196926477 -0.964138092029 -1.07914 -0.0231823745888 -0.999730529031 -0.00120284310621 0.491982 -0.963887079955 0.0220318957102 0.265398365983 1.329283
-0.265352079386 0.00723914886316 -0.964124405193 -1.079111 -0.0231889953831 -0.999730466915 -0.00112428388227 0.491987 -0.963872680627 0.0220587453147 0.265448426811 1.329384
-0.265827663771 0.00676120806362 -0.963996856447 -1.079109 -0.0226575483428 -0.999742992898 -0.000763972659734 0.492047 -0.963754267787 0.0216387203099 0.265912536572 1.329522
-0.265967004764 0.00741650949052 -0.963953602495 -1.079148 -0.0235122540613 -0.999722823271 -0.00120438371282 0.492026 -0.963695349312 0.0223443956764 0.266067663755 1.329517
-0.265901087249 0.00747478994158 -0.963971337393 -1.079233 -0.0231254507001 -0.999731627948 -0.00137317509477 0.49204 -0.963722898623 0.0219271428885 0.266002584715 1.32945
-0.265740157864 0.00745179749823 -0.964015891577 -1.07927 -0.0233246886041 -0.999727099589 -0.00129817099365 0.492009 -0.963762484952 0.0221403943156 0.265841448122 1.329388
-0.266198213872 0.00731251494816 -0.963890573694 -1.079174 -0.0234663177184 -0.999724018854 -0.00110365740484 0.492056 -0.96363262858 0.0223251708182 0.266296345982 1.329461
-0.266596851374 0.00737865880217 -0.963779888891 -1.079198 -0.0232713678625 -0.999728444731 -0.00121664884555 0.492081 -0.963527146621 0.0221041215814 0.266696167078 1.329549
-0.266898178582 0.00729662073953 -0.96369711092 -1.079254 -0.0235734500508 -0.99972156598 -0.00104065708953 0.492071 -0.963436378139 0.0224399162266 0.266995871574 1.329611
-0.267152987616 0.00728604046758 -0.963626584742 -1.079381 -0.0235043728138 -0.99972319032 -0.0010426862622 0.49212 -0.96336744063 0.022370881751 0.267250290895 1.329775
-0.267249101901 0.00721413852044 -0.963600474127 -1.079676 -0.0232813477399 -0.999728424498 -0.00102766664111 0.492136 -0.963346197574 0.0221592747336 0.267344478459 1.329856
-0.269239676813 0.00738183953705 -0.963044913218 -1.080197 -0.0239468715238 -0.999712763864 -0.00096804546023 0.492194 -0.962775437874 0.0228012765616 0.269339113411 1.330052
-0.270406582305 0.00731426810977 -0.962718433254 -1.080132 -0.0238057132266 -0.999716190727 -0.000908854208542 0.492188 -0.962451852439 0.0226724387797 0.270503959779 1.330046
-0.272212359376 0.00772714278046 -0.962206174719 -1.079633 -0.0240147165339 -0.999710842942 -0.00123446076979 0.492256 -0.961937484867 0.0227710730543 0.272319212395 1.330043
-0.272327365221 0.0078866193491 -0.962172337675 -1.079637 -0.0245201956919 -0.999698548102 -0.00125416370645 0.492261 -0.961892180109 0.0232511109114 0.272438653069 1.330085
-0.272007165058 0.0077550608236 -0.962263976874 -1.079455 -0.0240352662427 -0.999710313825 -0.00126269889222 0.492252 -0.96199501461 0.0227848077339 0.272114763294 1.330213
-0.271941684772 0.00761654438768 -0.96228359039 -1.079482 -0.0233787848799 -0.99972582574 -0.0013060494761 0.492139 -0.962029704583 0.0221418517583 0.272045190915 1.330328
-0.272210661436 0.00753364369617 -0.962208189538 -1.079553 -0.0233533044203 -0.999726529142 -0.00122069738541 0.492131 -0.961954249938 0.0221384539233 0.272312155228 1.330204
-0.271917777508 0.007629736205 -0.962290241767 -1.079756 -0.0229506871039 -0.999735559239 -0.00144137257343 0.491861 -0.962046770296 0.0216932874152 0.272020979053 1.330209
-0.274186820681 0.00807393734796 -0.961642552563 -1.080087 -0.0232648921531 -0.999727785957 -0.00176033463928 0.491937 -0.961394992788 0.0218898497171 0.27430002246 1.330346
-0.279267708575 0.00841185357235 -0.960176435696 -1.080295 -0.0243488251078 -0.999702118064 -0.00167626196491 0.492302 -0.959904516951 0.0229110422675 0.279389338521 1.330157
-0.279045711269 0.00834357193269 -0.960241571601 -1.080385 -0.0235315306431 -0.999721386498 -0.00184836258692 0.49223 -0.95998945728 0.0220801763142 0.279164302385 1.330614
-0.283503397521 0.00732209437426 -0.958943278056 -1.080441 -0.023291465833 -0.999728437491 -0.000747589860054 0.492517 -0.958688338937 0.0221232503313 0.283596950938 1.330466
-0.285170243181 0.00530907238854 -0.958462177738 -1.080262 -0.0225346592188 -0.999745381246 0.00116696691457 0.493068 -0.958211939781 0.0219314027883 0.285217271626 1.330496
-0.286122151447 0.00427580456618 -0.958183610769 -1.080036 -0.024591358405 -0.99969343213 0.00288216016318 0.493649 -0.957877538907 0.024387686457 0.286139583431 1.330292
-0.282708780057 -0.00130041306955 -0.959204907517 -1.079802 -0.0186938345083 -0.999801685607 0.00686512993808 0.494749 -0.959023610882 0.0198720503104 0.28262840513 1.332639
-0.282296667492 -0.0060731521788 -0.959307931973 -1.07905 -0.0134938126386 -0.999855896001 0.0103006918046 0.495541 -0.959232249533 0.0158525724661 0.282174037435 1.334225
-0.274724317421 -0.0168393219438 -0.961375570032 -1.075376 -0.000946466979127 -0.999841412229 0.0177835483458 0.496894 -0.961522570519 0.00579548341219 0.274664811642 1.347931
-0.274579212263 -0.0205592912197 -0.961344668544 -1.07338 0.00540073551429 -0.999788602818 0.0198388943782 0.496817 -0.961549316597 0.000255379697659 0.274632202286 1.354432
-0.275895192115 -0.0236101912631 -0.960897706229 -1.070949 0.00899562150298 -0.999717913085 0.0219811976627 0.496446 -0.961145629841 -0.00257936531625 0.276029754035 1.362563
-0.280726940615 -0.0249464214745 -0.959463423413 -1.067802 0.0104290184957 -0.999682428781 0.0229407314714 0.495344 -0.9597310146 -0.00356618042725 0.28089795651 1.372574
-0.283010724991 -0.0262293915677 -0.958758023986 -1.063953 0.0107247919983 -0.99965003619 0.0241823072048 0.493477 -0.95905678058 -0.00343862808995 0.283192986248 1.385247
-0.287821805471 -0.0277229367249 -0.957282636986 -1.054326 0.00959528137156 -0.999614227658 0.0260638914886 0.487647 -0.957635911436 -0.00168363994815 0.287976781157 1.412909
-0.287328356019 -0.0297638292359 -0.957369589185 -1.048974 0.0123159502411 -0.999549256007 0.0273788638465 0.483805 -0.957752960422 -0.0039241922841 0.287565414328 1.42574
-0.292699360065 -0.0320288762113 -0.955667952642 -1.030163 0.0149332781538 -0.999470083437 0.0289231657749 0.468152 -0.956087904861 -0.0058054632461 0.293022549943 1.454649
-0.29484571954 -0.032606984572 -0.954988369681 -1.022635 0.0153499869924 -0.999450272631 0.029385888406 0.461513 -0.955421571647 -0.00599475564107 0.295184151568 1.462228
-0.295397205006 -0.0324198074215 -0.954824301828 -1.014746 0.0163137397011 -0.999449522268 0.0288879617703 0.453847 -0.955235234469 -0.007043331955 0.295763483722 1.46906
-0.29528293431 -0.0336870335624 -0.954815779339 -1.006413 0.0164121545181 -0.999409585482 0.0301847913785 0.445503 -0.955268878321 -0.00675753033703 0.295661471779 1.474805
-0.29498455946 -0.0337763654012 -0.954904846998 -0.997225 0.0175854339366 -0.999397659451 0.0299177338284 0.436284 -0.955340181398 -0.00796714656918 0.295400850341 1.479408
-0.295189187472 -0.0339262138755 -0.954836297808 -0.978173 0.0180416088516 -0.99938911253 0.0299316238653 0.414999 -0.95526846695 -0.00839129127383 0.295620943576 1.489763
-0.294397037202 -0.0332502222081 -0.955104605376 -0.968197 0.0175369198274 -0.99941425049 0.0293872823039 0.402879 -0.955522286987 -0.0080980640496 0.294807700763 1.497798
-0.294082733582 -0.0319413060097 -0.955246093308 -0.936533 0.0136718936063 -0.999479753069 0.0292113424947 0.361723 -0.955682177889 -0.00446947150312 0.29436643608 1.532243
-0.292384018357 -0.0318230807614 -0.955771352019 -0.92551 0.0128726053663 -0.999486577953 0.0293406973825 0.346539 -0.956214349318 -0.00372451643291 0.292643547916 1.546787
-0.293091079008 -0.031247442931 -0.955573763095 -0.914102 0.0100089888529 -0.999511287936 0.0296142774937 0.33091 -0.956032133115 -0.000884646598301 0.29326059717 1.560936
-0.292260782387 -0.0287215481469 -0.955907269431 -0.902396 0.00298153142406 -0.999571420315 0.0291219188915 0.314645 -0.95633401359 0.00566112723754 0.292221159551 1.573237
-0.293031692722 -0.026659378778 -0.95573097919 -0.890538 -0.00516817711706 -0.999552412453 0.0294663317127 0.298095 -0.956088760004 0.0135739560368 0.292762754994 1.583492
-0.29225233104 -0.0171052470508 -0.956188258412 -0.86596 -0.0320320445488 -0.999103942453 0.0276633384898 0.264452 -0.955804646946 0.0387133400485 0.291442540098 1.597916
-0.294138068505 -0.012877907838 -0.95567617745 -0.852922 -0.0474468392753 -0.998479620551 0.0280578828116 0.248268 -0.954584513859 0.0535967054473 0.293079851007 1.601475
-0.296125903639 -0.0135221915783 -0.955053191989 -0.812534 -0.0488856384653 -0.998374732053 0.0292931519352 0.205519 -0.953897082261 0.055362846146 0.29498357873 1.600408
-0.29571098944 -0.0182541987727 -0.955103028448 -0.798467 -0.0365821247106 -0.998867639326 0.0304168910207 0.193383 -0.954576743314 0.0439343070376 0.294708360569 1.597151
-0.293973235951 -0.0223031436146 -0.95555340318 -0.784021 -0.0239049477076 -0.999243445827 0.0306771812162 0.181791 -0.955514672844 0.0318607243668 0.29321767379 1.593148
-0.292937847265 -0.0278982573023 -0.955724387509 -0.769329 -0.0116377757226 -0.999396140197 0.0327401456343 0.170615 -0.956060656975 0.0207133338557 0.292436280212 1.589263
-0.290296841552 -0.0303741981196 -0.956454469316 -0.75443 -0.00308847937878 -0.999461180532 0.0326773607337 0.159232 -0.956931661656 0.0124401245165 0.290046613877 1.585995
-0.288589365596 -0.0328976105016 -0.956887624169 -0.723696 0.00208504896388 -0.999428761713 0.0337313330781 0.13519 -0.95745069358 0.00773934646439 0.28849310543 1.581172
-0.292340321598 -0.0327966379054 -0.955751807171 -0.707887 0.00464250034369 -0.999448653538 0.03287607234 0.122521 -0.956303081433 0.00517392346748 0.292331399198 1.579447
-0.334689723456 -0.0256197570875 -0.941980051307 -0.659665 -0.0162733522766 -0.999324134218 0.0329613830999 0.082764 -0.94218786185 0.0263610094069 0.334046598792 1.574641
-0.348200953165 -0.0231136191557 -0.937134919222 -0.644465 -0.022085982351 -0.999216201892 0.0328510465457 0.069465 -0.937159701224 0.0321363110061 0.347417546932 1.574056
-0.356805097775 -0.0224518565316 -0.933909008598 -0.630404 -0.0264270825137 -0.999068455851 0.0341149502819 0.056686 -0.933804975095 0.0368528786014 0.355879381009 1.57462
-0.361290724526 -0.0201056511263 -0.932236437372 -0.617923 -0.030566240561 -0.99897484641 0.0333910343946 0.044321 -0.93195210033 0.0405588342135 0.360305791873 1.576408
-0.360273665212 -0.0194385526205 -0.932644106198 -0.606946 -0.0304229781983 -0.999006198716 0.0325738748814 0.032476 -0.932350432269 0.0401093206033 0.359324246119 1.579622
-0.356163083697 -0.0174379154983 -0.934261086054 -0.589486 -0.0322878123199 -0.998999137159 0.030955147089 0.010388 -0.933865812088 0.0411903272478 0.355243581158 1.58776
-0.352582783553 -0.0159878023683 -0.935644040711 -0.582672 -0.0321074909954 -0.999058649403 0.0291706029233 0.000115 -0.935229645469 0.0403262349886 0.351737551319 1.593
-0.347871213794 -0.0105072299556 -0.937483448778 -0.569627 -0.0359352979864 -0.999052974705 0.024531777176 -0.027059 -0.936853389262 0.0422226461919 0.347164190516 1.610659
-0.345301721488 -0.0101573793817 -0.938436758008 -0.567733 -0.0355024497523 -0.999084311164 0.0238770862375 -0.034869 -0.937819970569 0.0415616028288 0.344624920706 1.615423
-0.342808607746 -0.00977716209111 -0.939354387628 -0.567304 -0.0349745314564 -0.999119744807 0.0231628514383 -0.042173 -0.938753983003 0.0407939044318 0.342164897026 1.618256
-0.338832748326 -0.00886848848655 -0.94080482491 -0.567992 -0.0349809138837 -0.999145431138 0.0220168821356 -0.048895 -0.940196098868 0.0403702532451 0.338232964578 1.619462
-0.334990485668 -0.00901535397694 -0.942178379026 -0.569409 -0.0338915697409 -0.999191836421 0.0216110048341 -0.054999 -0.941611775634 0.0391713852462 0.33441421406 1.619704
-0.323295939825 -0.00854475053707 -0.946259331542 -0.574536 -0.0322162064261 -0.999280190163 0.0200304166563 -0.065572 -0.945749359681 0.0369606383356 0.32278794878 1.624132
-0.316221061796 -0.00922032285066 -0.948640725313 -0.578258 -0.0292376015614 -0.999383052779 0.0194596113319 -0.06993 -0.948234887953 0.0338895185091 0.315756389965 1.630602
-0.303905064642 -0.0128022268907 -0.952616299814 -0.588312 -0.0171650696364 -0.999673820471 0.018910659693 -0.080784 -0.952547674434 0.0220987703795 0.303586185915 1.670941
-0.300846991383 -0.0140576804246 -0.95356880685 -0.591506 -0.0127448474132 -0.999742795089 0.018759331882 -0.084062 -0.953587256962 0.0177967774984 0.300590449067 1.688207
-0.298252675237 -0.0145191784144 -0.954376516461 -0.594705 -0.0112999602548 -0.999760514735 0.0187409731408 -0.087373 -0.954420060881 0.0163739620799 0.298017181977 1.703589
-0.295140093608 -0.0154773853645 -0.95532862183 -0.597309 -0.00940389241357 -0.999773301408 0.0191026856448 -0.090777 -0.955407709804 0.0146217760086 0.294927638097 1.716767
-0.293771361306 -0.0161992971153 -0.955738442279 -0.599151 -0.00873932271324 -0.99976908058 0.0196318556242 -0.094361 -0.955835765974 0.0141197836282 0.293561952908 1.72796
-0.290921003304 -0.017736801497 -0.956582654928 -0.602482 -0.00497962110824 -0.999786531341 0.0200523096628 -0.101836 -0.956734118347 0.0105970572259 0.290770578237 1.749534
-0.289816802119 -0.0183168739069 -0.956906846741 -0.603838 -0.00542068951996 -0.99976939611 0.0207790935284 -0.105855 -0.957066788335 0.011209225353 0.28965067915 1.760648
-0.287637284949 -0.0199605646897 -0.957531392783 -0.605433 -0.00333321185184 -0.999755877493 0.0218420492858 -0.119574 -0.957733617456 0.00947424274122 0.287500533424 1.795571
-0.289243814867 -0.0202367439082 -0.957041529798 -0.604956 -0.00295675704356 -0.999752860884 0.0220334913874 -0.124753 -0.957250893522 0.00920279038792 0.289112496271 1.807589
-0.293587994044 -0.0199492551421 -0.955723870672 -0.604028 -0.00392693951049 -0.999748615833 0.0220745166634 -0.13026 -0.955923986988 0.0102338828956 0.293435851153 1.819279
-0.297589851019 -0.02031688925 -0.954477608214 -0.60258 -0.00547812368715 -0.999720733984 0.0229879142856 -0.135862 -0.954678097964 0.0120697163819 0.297395445854 1.829577
-0.299640528 -0.0207811598792 -0.953825821298 -0.600924 -0.00597268292295 -0.999702293045 0.0236569723152 -0.141653 -0.954033480041 0.0127854868697 0.299427203652 1.837503
-0.296855086451 -0.0204012339754 -0.954704586404 -0.597939 -0.00811126435982 -0.999681819129 0.0238844697098 -0.153709 -0.954888090322 0.0148340876064 0.296595153039 1.845225
-0.29773737769 -0.018666932804 -0.954465295098 -0.596359 -0.014549718319 -0.999603949092 0.0240883925742 -0.159855 -0.954536934656 0.0210592160268 0.297347859917 1.844649
-0.308936092967 -0.010722585145 -0.951022353381 -0.590245 -0.0389920324636 -0.998952954207 0.023929410484 -0.17681 -0.950283174568 0.0444749530586 0.308194527343 1.846334
-0.311501362871 -0.0095707989235 -0.950197506173 -0.588369 -0.041678392448 -0.998849375327 0.0237241862134 -0.181313 -0.949331244894 0.0469928209039 0.310744046204 1.853178
-0.310723590333 -0.0128466537248 -0.950413496273 -0.586207 -0.0404315578042 -0.998824987721 0.0267195253984 -0.184538 -0.949640005236 0.0467290850762 0.309839076077 1.862808
-0.312165980392 -0.0143077380515 -0.949919833101 -0.58454 -0.0389767865544 -0.998851838794 0.0278534422875 -0.187088 -0.949227691756 0.0457197196975 0.311249893871 1.874646
-0.31487353429 -0.0150542969656 -0.949014238854 -0.583061 -0.0380953793943 -0.998868038389 0.028484802148 -0.189064 -0.948368809838 0.0451221678056 0.313943610382 1.887415
-0.319600197338 -0.0198923148119 -0.947343659752 -0.580461 -0.0329876702533 -0.998939992141 0.0321046057695 -0.190746 -0.946978102953 0.0415112986038 0.318605217496 1.915161
-0.32249821049 -0.0204045771359 -0.946350124141 -0.579656 -0.0321487598099 -0.99895473633 0.0324944919395 -0.190903 -0.946023975105 0.0409033983384 0.321505132978 1.92959
-0.333901393833 -0.0257631609787 -0.942255866913 -0.580429 -0.0215961915003 -0.999154931638 0.0349718043124 -0.187696 -0.942360580515 0.0320262723489 0.333062838171 1.97322
-0.33501820793 -0.0285399379858 -0.941779311885 -0.582103 -0.0161379160757 -0.999220710187 0.0360213825024 -0.185971 -0.942073440884 0.0272661745102 0.33429655653 1.988237
-0.336753918682 -0.0295145566264 -0.941130006534 -0.584439 -0.0128376347848 -0.999271797034 0.0359314734674 -0.184181 -0.941505174381 0.0241819478031 0.336129796381 2.001162
-0.338500333651 -0.0318151669668 -0.940428263755 -0.587494 -0.00581862051081 -0.999338358343 0.0359024957167 -0.182445 -0.940948281136 0.0176250019634 0.338091247347 2.010918
-0.33830895102 -0.0334887892658 -0.940439022294 -0.591689 -0.00110729437193 -0.999351717144 0.0359849877058 -0.180803 -0.941034445469 0.0132153862797 0.33805254918 2.018781
-0.329493232569 -0.03362107668 -0.943559130577 -0.60256 0.00368977288288 -0.999403999085 0.0343224735402 -0.178661 -0.944150726986 0.00782750386313 0.329420908437 2.034179
-0.321009322754 -0.0327196375526 -0.946510665563 -0.608682 0.00230056283711 -0.999427028673 0.0337686506693 -0.178043 -0.947073240101 0.00866254441953 0.320900667198 2.04226
-0.306309254831 -0.0285507982172 -0.951503805734 -0.62756 0.00205683880932 -0.999567641555 0.0293308603783 -0.178671 -0.951929834504 0.00702722403119 0.306235543827 2.066177
-0.302807684048 -0.0253232920774 -0.952715192153 -0.633654 -0.000667193467076 -0.999641057942 0.0267826460642 -0.179515 -0.95305144737 0.00874563637957 0.3026820981 2.073433
-0.302788862485 -0.0244248527663 -0.952744630697 -0.639388 -0.00128285146559 -0.999660201153 0.0260352937884 -0.180425 -0.953056797388 0.00910542683649 0.302654641721 2.078319
-0.301258973883 -0.0231661119396 -0.953260909674 -0.644994 -0.00249925336572 -0.999682220845 0.0250840798085 -0.181389 -0.953539083828 0.0099392446808 0.301105342077 2.080225
-0.299655880165 -0.0200600345995 -0.953836436971 -0.650554 -0.00457739335639 -0.999737187125 0.0224633957864 -0.182835 -0.954036372971 0.0110973732056 0.299485304073 2.07931
-0.299634871059 -0.01791022125 -0.953885825464 -0.662013 -0.00370743324661 -0.999794368671 0.0199367829173 -0.185908 -0.954046748846 0.00951022340156 0.299506855792 2.068788
-0.302303275575 -0.0159229675342 -0.953078794582 -0.667195 -0.00483627610653 -0.999821978887 0.0182378992348 -0.187627 -0.953199527911 0.0101227288802 0.302172451342 2.058939
-0.327039821121 -0.0131215488208 -0.944919457074 -0.681913 -0.00471885683395 -0.999868456391 0.0155178060416 -0.193353 -0.944998776608 0.00953388014958 0.326934882412 2.022419
-0.334412971138 -0.0137449209331 -0.942326398804 -0.687457 -0.00114984709318 -0.999886944017 0.0149925660454 -0.195537 -0.942425934801 0.00609723982671 0.334359359194 2.011957
-0.340490560716 -0.0121085883903 -0.940169963438 -0.693616 -0.00355199166162 -0.999893374292 0.0141641590924 -0.197937 -0.940241225122 0.00816223834209 0.340411246064 2.002701
-0.342984705383 -0.00855493660361 -0.93930203073 -0.7004 -0.00895153132519 -0.999883353786 0.0123753347237 -0.200654 -0.939298334908 0.0126527420861 0.342868117732 1.995792
-0.34558728024 -0.00752117022807 -0.938356469437 -0.70787 -0.00976525217565 -0.999884908183 0.0116107810816 -0.203237 -0.938335798947 0.0131758258102 0.345474059848 1.990751
-0.348620487908 -0.00547617133649 -0.937247975169 -0.726605 -0.00799215202402 -0.999929206529 0.00881518212496 -0.208254 -0.93722989758 0.0105637813952 0.34855204146 1.988
-0.352055318783 -0.00350245766445 -0.935972641324 -0.737697 -0.0111027263054 -0.999907014111 0.00791786587225 -0.21073 -0.935913341066 0.0131793748597 0.351983695777 1.989996
-0.363015143912 0.00237228526263 -0.931780219554 -0.778324 -0.0149635454366 -0.999882646868 0.00328402199185 -0.21816 -0.93166308159 0.0151348853682 0.363008040746 2.008322
-0.366973693742 0.00478788441446 -0.930218998013 -0.794728 -0.0150467848433 -0.999886479013 0.000789527332123 -0.220647 -0.930109618468 0.0142865408816 0.367004076792 2.018184
-0.36430496731 0.00593602146858 -0.931260787558 -0.812526 -0.0123267156759 -0.999922819438 -0.00155153056059 -0.223059 -0.931198122246 0.0109141566582 0.364350021696 2.02973
-0.359259778327 0.00833570463587 -0.933200368466 -0.83143 -0.0126665549912 -0.999911552655 -0.00405527446677 -0.225463 -0.933151632941 0.010363536779 0.359333587415 2.041706
-0.354859681427 0.0105178913572 -0.934860406937 -0.85147 -0.0135845774579 -0.999889161146 -0.00609300243638 -0.227665 -0.934820873618 0.0105375227069 0.354963230297 2.053775
-0.347749935559 0.0106694602865 -0.937526610255 -0.894914 -0.00478304208283 -0.999942425434 -0.00960564033319 -0.231729 -0.937575119565 0.00114386842375 0.347780946485 2.077923
-0.34544056868 0.0103646879878 -0.938383390066 -0.91806 -0.00124585345629 -0.999943190565 -0.0105860045632 -0.233938 -0.93843980167 -0.00248774724653 0.345433857279 2.089191
-0.335635730732 0.01141731906 -0.941922661943 -0.991741 0.00184322656296 -0.999916670911 -0.012777079102 -0.242657 -0.941990052374 -0.00602462115176 0.335586717806 2.108142
-0.330941280956 0.0106494647784 -0.943591255502 -1.017442 0.00459669297121 -0.999906261699 -0.0128972178417 -0.246059 -0.943640153328 -0.00860562108516 0.330861306763 2.105048
-0.324659311906 0.00996619450562 -0.945778518555 -1.043432 0.00592319963229 -0.999903453158 -0.0125698078194 -0.249887 -0.945812479775 -0.00968294013076 0.324568935315 2.096648
-0.318182071554 0.00946865769292 -0.947982338371 -1.069645 0.0053056491221 -0.999916676488 -0.0117681846045 -0.254085 -0.948014778065 -0.00877408701723 0.318105322131 2.083831
-0.311910922923 0.00749115841378 -0.950081816849 -1.095949 0.0064383026798 -0.99992929281 -0.00999788175869 -0.258442 -0.950089534949 -0.00923536283408 0.311840638233 2.067622
-0.305372291967 0.00149543738808 -0.952231866178 -1.147023 0.00791970012791 -0.999960191634 -0.00411016998688 -0.267987 -0.952200105886 -0.00879652286165 0.30534829218 2.029179
-0.303804413373 -0.00206905654602 -0.952732175073 -1.172138 0.00856601409528 -0.999963154291 -0.000559876732357 -0.273428 -0.952695912565 -0.00833121026294 0.303810943052 2.012157
-0.30409544166 -0.0141542395637 -0.952536413931 -1.245065 0.0111461444081 -0.999874037062 0.011299268763 -0.29323 -0.952576362202 -0.00718105229878 0.304214902103 1.984089
-0.305048877091 -0.0175646587922 -0.952174703165 -1.269128 0.0116965822417 -0.99982358748 0.0146963901071 -0.301048 -0.952264864704 -0.00665407242456 0.305200509126 1.982473
-0.302936166637 -0.0203329486835 -0.952793917981 -1.293174 0.0114291066214 -0.999777986675 0.0177017762516 -0.309497 -0.952942314343 -0.00552707503646 0.30310129821 1.983174
-0.304927595903 -0.0228891198125 -0.952100440842 -1.317157 0.00906795273087 -0.999735610123 0.0211301226971 -0.318461 -0.952332365033 -0.00219044427741 0.30505453359 1.983865
-0.302401119697 -0.0249578434305 -0.952853959879 -1.340806 0.00810724415661 -0.999688333439 0.0236116195576 -0.327978 -0.953146282266 -0.000584839506239 0.302509210711 1.9833
-0.300231221077 -0.0291936438799 -0.95341960597 -1.385761 0.00818724485983 -0.999573589093 0.0280287175792 -0.348354 -0.95383131785 0.000609216335789 0.30034221472 1.974942
-0.297966555291 -0.0315241625227 -0.954055637322 -1.407761 0.0108379609086 -0.999501852469 0.0296409432054 -0.35918 -0.954514782773 -0.00150800795945 0.298159781628 1.967316
-0.293463684016 -0.0375071214593 -0.955234150355 -1.471019 0.00977785240881 -0.99929552384 0.0362332669785 -0.394259 -0.955920216214 0.00129300947342 0.293623684945 1.92736
-0.290592943962 -0.0424947679287 -0.955902681039 -1.491912 0.00626018041326 -0.999076387043 0.0425109749773 -0.40643 -0.956826290954 0.00636926612854 0.290590573468 1.908968
-0.289409806827 -0.0498756835385 -0.95590500569 -1.512303 0.00196479632582 -0.998670434191 0.0515121679631 -0.418754 -0.957203271666 0.0130299679364 0.289123013003 1.888347
-0.289748343868 -0.0582772059714 -0.95532699349 -1.53217 -0.00674543030274 -0.997995402638 0.0629259523772 -0.431083 -0.957079096207 0.0246767821385 0.288774410271 1.865443
-0.287186681011 -0.0691585696977 -0.955374744531 -1.551705 -0.0138944632376 -0.996984466738 0.0763473442538 -0.443397 -0.95777385334 0.0352003596663 0.285359738818 1.842092
-0.290996742894 -0.0945534385985 -0.952040200241 -1.588257 -0.0292242295683 -0.993761445723 0.107629612102 -0.467239 -0.956277595696 0.0591425079309 0.286418092523 1.797396
-0.295592485958 -0.107685691354 -0.949225407436 -1.604834 -0.0366565215701 -0.991616194518 0.123909734064 -0.478447 -0.95461059164 0.071422087949 0.289166913186 1.775581
-0.306418394053 -0.15016070711 -0.939978473065 -1.647967 -0.0450181464995 -0.984088307363 0.171882430157 -0.508423 -0.950831811769 0.0949840268217 0.294782802038 1.72015
-0.310856379555 -0.161719061214 -0.936597702608 -1.660741 -0.0459941285556 -0.981704391709 0.184772907747 -0.517224 -0.949343379093 0.100515832281 0.297730945709 1.706713
-0.31388893815 -0.171296819504 -0.93387961437 -1.67333 -0.0429382520196 -0.980023194793 0.194192801567 -0.525405 -0.948488292506 0.101054130518 0.30026325397 1.697221
-0.317141058983 -0.178988953099 -0.931334796609 -1.686539 -0.0381988627103 -0.978820977523 0.201122700979 -0.533136 -0.947608777711 0.0993601964072 0.303587146921 1.690753
-0.318615182511 -0.186362873534 -0.92938326047 -1.700688 -0.0351832514829 -0.977481106469 0.208069280075 -0.539924 -0.947230966707 0.098992756623 0.304883469292 1.687197
-0.32065981937 -0.19398882207 -0.927116830369 -1.728298 -0.0342963327518 -0.975783368393 0.21603374627 -0.5526 -0.946573315598 0.101070049371 0.306241413461 1.680884
-0.322808122892 -0.197886301457 -0.925546285979 -1.742058 -0.0318631673299 -0.975072165244 0.219588276402 -0.558182 -0.945927932964 0.100375715496 0.308455931011 1.677588
-0.326872841109 -0.217376730443 -0.91972903771 -1.783375 -0.0379299621987 -0.969386254436 0.24259350296 -0.571035 -0.944306869462 0.114182515181 0.308620947951 1.670423
-0.329172802929 -0.228351509125 -0.916242792109 -1.797832 -0.0424236811757 -0.965762795942 0.255934470615 -0.573554 -0.943316223272 0.12311705915 0.308215334885 1.669993
-0.328966481697 -0.24281657658 -0.912590359394 -1.812114 -0.0501361653201 -0.960523679112 0.273643247298 -0.575103 -0.94300976604 0.135773237432 0.303806203278 1.670642
-0.332435092854 -0.260306467326 -0.90649183786 -1.826052 -0.0559810930837 -0.954015631975 0.294483091476 -0.575458 -0.941463236805 0.148642917814 0.302576034622 1.671439
-0.333985264619 -0.280038030853 -0.900018079981 -1.839938 -0.0620982330429 -0.946235436916 0.317462292844 -0.574443 -0.940530516501 0.161917260356 0.29863882589 1.673225
-0.334148436158 -0.328578006058 -0.88339193824 -1.866903 -0.0669468888044 -0.926623972841 0.369981252276 -0.567934 -0.94013984954 0.182768998716 0.287632676197 1.680092
-0.333411905569 -0.356475618208 -0.872789570772 -1.879956 -0.0617643344947 -0.915512638761 0.397519528141 -0.562659 -0.940755902564 0.186445010371 0.283225334139 1.684775
-0.326336308536 -0.448001261021 -0.832345771813 -1.91574 -0.033000174227 -0.874616343371 0.483691265592 -0.541275 -0.944677512293 0.185313577571 0.270634949213 1.695003
-0.324625368905 -0.478173181373 -0.816069101534 -1.927199 -0.0201243962493 -0.859108671174 0.511397399084 -0.533422 -0.945628562671 0.1824354673 0.269265522731 1.690474
-0.320262260711 -0.506883633225 -0.800313105436 -1.938805 -0.00996443230453 -0.842960976025 0.537882424874 -0.525732 -0.947276514252 0.180238107148 0.264917780223 1.68191
-0.31676950535 -0.532960561632 -0.784608259085 -1.950551 -0.00548610358272 -0.826163995463 0.563403013187 -0.518465 -0.948486680533 0.182773335981 0.258779683334 1.67119
-0.315181410077 -0.554623755786 -0.770099453486 -1.962258 -0.00613853953423 -0.810249923639 0.586052369311 -0.512211 -0.949011589536 0.189440098079 0.251971133596 1.660327
-0.312955503116 -0.591544751909 -0.743056969255 -1.986369 -0.0126252721998 -0.779696286691 0.626030592721 -0.501267 -0.949683871386 0.205301015608 0.236541830168 1.6434
-0.314650624315 -0.604622804623 -0.731728261548 -1.999053 -0.0182181246805 -0.76689455625 0.641514488946 -0.496488 -0.949032709948 0.215183651155 0.230288757269 1.640449
-0.33032191774 -0.628739649845 -0.703970086987 -2.036522 -0.0340405259421 -0.737414213417 0.674582478607 -0.483452 -0.943254299356 0.246792890016 0.222181448784 1.642665
-0.340512268061 -0.632129339709 -0.696034405169 -2.04888 -0.0385555179322 -0.730262972819 0.682077314215 -0.47902 -0.939449236168 0.259091660246 0.224291427063 1.642491
-0.349685647154 -0.63432406348 -0.689458432876 -2.061555 -0.041773293215 -0.724630452383 0.68787040891 -0.474214 -0.935935329042 0.269339358374 0.226895063592 1.639834
-0.356087521754 -0.635823112628 -0.684785109578 -2.074536 -0.0451658156508 -0.720252171761 0.692240462679 -0.468812 -0.933360448031 0.277427068832 0.227755341389 1.635179
-0.362321427107 -0.636797844654 -0.680596568095 -2.087642 -0.0476470408113 -0.716602732047 0.69585219977 -0.462637 -0.93083454113 0.284550574532 0.229298991651 1.627791
-0.360382743583 -0.64438473593 -0.674457256042 -2.11504 -0.035691015726 -0.712987502519 0.700267786385 -0.446706 -0.932121467151 0.276436490632 0.233949646555 1.613435
-0.353156289926 -0.650411793931 -0.672491734672 -2.129466 -0.02504481135 -0.711978614348 0.701754380204 -0.437127 -0.935229058739 0.264671401981 0.235150285271 1.607397
-0.343693047122 -0.659141147879 -0.668885667759 -2.176265 0.00400257328317 -0.713297807594 0.70084963943 -0.406665 -0.939073516167 0.238199884247 0.247793757746 1.591018
-0.343167962444 -0.659426473755 -0.668874035423 -2.19328 0.00857295746708 -0.714287385671 0.699799996479 -0.396611 -0.939234930117 0.234414710253 0.250773781852 1.586372
-0.342649309882 -0.659003950931 -0.66955600445 -2.211062 0.0117230040611 -0.715644270291 0.698366558173 -0.386878 -0.939390239258 0.231445611443 0.252940521329 1.582052
-0.341045705534 -0.658459950646 -0.670908578073 -2.229557 0.0112362110045 -0.716501450262 0.697495103449 -0.377311 -0.939979560575 0.230339239315 0.251758337564 1.57818
-0.337578524543 -0.657925693534 -0.673182383575 -2.248719 0.00938681703752 -0.71748182422 0.696513976586 -0.368108 -0.941250565701 0.228809120672 0.248382283716 1.574892
-0.333459575661 -0.65436180497 -0.678686481077 -2.288515 -0.00208041033737 -0.719377309686 0.694616410835 -0.350619 -0.942762103233 0.233038439975 0.238521911364 1.569461
-0.330908974598 -0.651960518366 -0.682236566758 -2.308787 -0.0126167949914 -0.719845298683 0.694019857388 -0.342162 -0.94357833115 0.238265038257 0.229977617453 1.567802
-0.332768538302 -0.649541656045 -0.683637869767 -2.369309 -0.0242656752977 -0.718815933951 0.694776820353 -0.316949 -0.942696280314 0.247788801524 0.223437760731 1.564702
-0.333860700073 -0.648873686655 -0.683739695874 -2.389255 -0.0283809401284 -0.718110656783 0.695349988748 -0.308285 -0.942195072787 0.251555209412 0.221333281352 1.564151
-0.333817611909 -0.64900540716 -0.683635709612 -2.40905 -0.0303016992815 -0.717474039926 0.695925864624 -0.299357 -0.942150523536 0.253027633885 0.219839503935 1.563955
-0.331703327593 -0.65136971575 -0.6824151199 -2.428485 -0.0332996664594 -0.714834544402 0.698500326659 -0.289913 -0.942795860554 0.254419078557 0.21542260278 1.564139
-0.329908520222 -0.655173307538 -0.679638363672 -2.447509 -0.0369258608762 -0.710438848361 0.702789530043 -0.280002 -0.94329043729 0.256952485547 0.210186990767 1.564498
-0.330765702032 -0.668228717374 -0.666381596111 -2.48358 -0.0392939038009 -0.695763151454 0.717195668004 -0.258672 -0.942894500718 0.263408462954 0.203877272301 1.56492
-0.330967532854 -0.677246298554 -0.657113341283 -2.500542 -0.0412465702324 -0.685310507158 0.727081996217 -0.247225 -0.942740267858 0.267744206052 0.198881440775 1.564708
-0.330535739059 -0.711073083834 -0.620581336049 -2.547317 -0.0467909333402 -0.644384344189 0.763268907739 -0.210152 -0.942632873266 0.281325232448 0.179720282179 1.563103
-0.328292843724 -0.724718357543 -0.605811118254 -2.561524 -0.0489337577546 -0.6274478847 0.777119449851 -0.196971 -0.943307635987 0.28476736861 0.170523457808 1.562431
-0.328225738101 -0.739092519703 -0.588226242332 -2.574527 -0.0510391631076 -0.607939482777 0.792341207505 -0.183156 -0.943219417038 0.290089352788 0.16181872179 1.561212
-0.327133324879 -0.75488383827 -0.568448923362 -2.586607 -0.0489543159754 -0.587201464273 0.80795910497 -0.168831 -0.943709310488 0.292138376585 0.155138345438 1.559996
-0.327261049012 -0.769339296887 -0.548650391474 -2.598074 -0.0499444051149 -0.565728370012 0.823077741019 -0.154187 -0.943613142234 0.296763302362 0.146716666311 1.558509
-0.332254708247 -0.79638399502 -0.505350711213 -2.618836 -0.0454134378435 -0.521659971786 0.85194394974 -0.123527 -0.942095763981 0.306012101577 0.137157446673 1.555369
-0.334043870402 -0.807757134527 -0.485739749525 -2.62854 -0.0396140332479 -0.502855499229 0.863462260475 -0.10772 -0.941724705536 0.307676386023 0.135977279232 1.554116
-0.335595000749 -0.836278994007 -0.433605165622 -2.656241 -0.0264333976767 -0.451758245708 0.891748710636 -0.058693 -0.94163542359 0.310728066992 0.12950211359 1.552557
-0.334748929496 -0.845639738998 -0.415736197641 -2.664887 -0.0245928008479 -0.433199106979 0.900962667295 -0.041791 -0.941986384375 0.311820405907 0.12421628763 1.552561
-0.330463981106 -0.854926864013 -0.399866995864 -2.673585 -0.0233152671974 -0.416145410087 0.9089991177 -0.024861 -0.943530580059 0.309714473109 0.117588220668 1.553001
-0.32790593077 -0.863263252564 -0.383737224331 -2.682125 -0.0227970749224 -0.398846742541 0.91673418685 -0.007963 -0.944435277793 0.309350663062 0.111104335301 1.553229
-0.329152535848 -0.870010370924 -0.367070242092 -2.690455 -0.0221102509766 -0.381524093832 0.924094423004 0.008914 -0.944017873214 0.312284037873 0.106343475318 1.552976
-0.33215609025 -0.8789429252 -0.342245037877 -2.707424 -0.0221491471277 -0.355477510908 0.934422364095 0.04231 -0.942964340254 0.317954514797 0.0986061840278 1.553096
-0.334728433853 -0.881576713571 -0.332835355184 -2.715986 -0.0227182034647 -0.345557972501 0.938122364552 0.059006 -0.942040741583 0.321577651168 0.0956402397919 1.553427
-0.357661128759 -0.878264200013 -0.317380705069 -2.742725 -0.033772383678 -0.327475023933 0.944256074802 0.111788 -0.933240560132 0.348442396495 0.0874640111667 1.550712
-0.360832248188 -0.87775030378 -0.315205477239 -2.751454 -0.0354938533463 -0.324805337481 0.945114638083 0.130646 -0.931955082095 0.352215696638 0.0860454995897 1.549069
-0.361753905513 -0.878677062888 -0.311545712537 -2.760181 -0.030647744158 -0.3227891063 0.945974581388 0.150418 -0.931769728862 0.351758172624 0.0898407500399 1.547184
-0.361013408189 -0.880725810046 -0.306580114533 -2.768881 -0.0184148764035 -0.321954230438 0.946576127858 0.171432 -0.93237879182 0.347372308945 0.100011337074 1.544909
-0.356444694612 -0.883507964665 -0.303909289191 -2.777971 -0.00755834496028 -0.322537111455 0.946526641546 0.193002 -0.934285850853 0.339681450932 0.108288784222 1.541668
-0.349469644412 -0.8876337309 -0.299962209959 -2.797381 0.0106697183533 -0.32389775159 0.946031925267 0.23687 -0.936886932743 0.327408928229 0.122663233984 1.533285
-0.346223279012 -0.889006447301 -0.299661438506 -2.808381 0.0182130867088 -0.325725871814 0.945288812958 0.259231 -0.937975332588 0.321823232672 0.128965430908 1.52791
-0.334404605957 -0.891951920238 -0.304294810174 -2.84655 0.0228242714656 -0.330453636654 0.943546208012 0.325964 -0.942153178706 0.30858089054 0.130863370914 1.506485
-0.3296569049 -0.892046778374 -0.309158325531 -2.861304 0.0139373503154 -0.332025831938 0.943167321949 0.347989 -0.943997921247 0.30661277227 0.121887376551 1.498378
-0.326360741301 -0.891221510785 -0.314980769653 -2.876508 0.00115608037626 -0.333602580559 0.942713096187 0.369843 -0.945244587403 0.307300401819 0.109905109191 1.490386
-0.327263395466 -0.8889265153 -0.320481388515 -2.892121 -0.00944066562578 -0.336064967284 0.94179149051 0.391507 -0.944885995145 0.311239438634 0.101589704294 1.482655
-0.329928078932 -0.886400545714 -0.32471762393 -2.907493 -0.0214134585821 -0.336862545521 0.941310304425 0.412998 -0.943763172901 0.317518027809 0.092159511135 1.475225
-0.341942628232 -0.879749956472 -0.330325980033 -2.937302 -0.0355886269883 -0.339139398144 0.940062720384 0.456278 -0.939046691399 0.333203365399 0.0846571240946 1.462371
-0.348382772059 -0.87670718877 -0.331683507717 -2.951474 -0.0387740474244 -0.340069942528 0.939600450955 0.478416 -0.936550061331 0.340201321789 0.0844810231571 1.457292
-0.374795328265 -0.865519817006 -0.332270835736 -2.991584 -0.0406562571014 -0.342706359041 0.938562422128 0.549815 -0.92621570418 0.365277699624 0.0932559461289 1.446347
-0.378257884246 -0.86403162235 -0.332220301283 -3.004395 -0.0377004429882 -0.344208815954 0.938135900399 0.57603 -0.924932240547 0.367382153348 0.097625323543 1.445132
-0.379384570633 -0.864260997178 -0.330333583402 -3.017035 -0.0291976401882 -0.345664140791 0.93790393942 0.603639 -0.924778268221 0.365471244462 0.105905260013 1.445032
