-0.266694240357 0.0858805104859 -0.959947248592 -1.054811 -0.0220671770021 -0.996304988342 -0.0830024692586 0.427514 -0.963528526749 -0.000952954639341 0.267603942456 1.332834
-0.266734443171 0.0857211199049 -0.95995032498 -1.055148 -0.0221076612802 -0.996318790485 -0.0828258355795 0.427327 -0.963516470092 -0.00087024650293 0.267647631284 1.332843
-0.266926398667 0.085821915194 -0.959887960424 -1.055394 -0.0222728920892 -0.996310214939 -0.0828847023615 0.4272 -0.963459504065 -0.000744634145696 0.267852999885 1.332795
-0.266975784949 0.0859218661182 -0.959865283867 -1.055522 -0.0222639377261 -0.996301568207 -0.0829909770103 0.42712 -0.9634460272 -0.000786200325526 0.267901352294 1.33281
-0.26693269373 0.0859939569508 -0.959870812342 -1.0556 -0.0223586611197 -0.996295409519 -0.0830394318597 0.427055 -0.963455773396 -0.000704513020262 0.267866527156 1.332795
-0.266711072039 0.0857506361518 -0.959954182475 -1.055665 -0.0222937631141 -0.996316395833 -0.0828047554169 0.427151 -0.963518651702 -0.000683953942604 0.267640318392 1.332809
-0.26673742084 0.0857000186923 -0.959951381644 -1.055653 -0.0224572816185 -0.996320858802 -0.0827068124106 0.427194 -0.963507560337 -0.00050310331068 0.26768064566 1.332843
-0.266901161873 0.0860445052384 -0.959875050676 -1.055499 -0.022638134277 -0.996291202892 -0.0830141790111 0.427288 -0.963457982824 -0.000426800543652 0.267859166679 1.332923
-0.266887121933 0.0861154698351 -0.959872590504 -1.055414 -0.0226045779655 -0.996285047268 -0.0830971578609 0.427355 -0.963462659993 -0.000480046493314 0.267842252742 1.332956
-0.266799827879 0.0860108315062 -0.95990623954 -1.055372 -0.022536928859 -0.99629406989 -0.0830073077488 0.427417 -0.963488421664 -0.000512996788266 0.267749506354 1.332969
-0.26689555415 0.0858833779798 -0.959891039943 -1.055358 -0.0224713046971 -0.996305042963 -0.0828933159675 0.427514 -0.963463441777 -0.000553853465868 0.267839298099 1.333009
-0.267797071399 0.0860969478498 -0.959620781414 -1.055385 -0.0217757674343 -0.996285760863 -0.083309655229 0.427431 -0.963229227392 -0.00141360272836 0.268677236148 1.333094
-0.267146454312 0.0866131355393 -0.959755665105 -1.055191 -0.0232510649906 -0.996242020828 -0.0834339494103 0.427347 -0.963375399273 2.62575902288e-05 0.268156371144 1.333108
-0.267297339475 0.0864303938246 -0.959730128387 -1.055198 -0.0227205619433 -0.996257773844 -0.0833919907462 0.427263 -0.963346203799 -0.000484849429096 0.268260799496 1.333074
-0.266896730635 0.0860423782943 -0.959876473466 -1.055015 -0.02296524328 -0.996291474154 -0.0829210234453 0.427281 -0.963451468823 -8.75533266282e-05 0.267882921362 1.33284
-0.267339313822 0.0860891827136 -0.959749104665 -1.054994 -0.0226535547887 -0.996287327373 -0.0830564733858 0.427232 -0.963336134348 -0.00046253167747 0.268296996487 1.332747
-0.266950405098 0.0858642913672 -0.959877494624 -1.054982 -0.0226362227631 -0.996306768455 -0.0828276798513 0.427284 -0.963444384818 -0.000382881895998 0.267908138668 1.33274
-0.266972171818 0.0860703499171 -0.959852985795 -1.055035 -0.0230328925969 -0.996289061383 -0.0829312487955 0.427263 -0.963428951887 -3.21448719375e-05 0.267963903602 1.332748
-0.26697480617 0.085827244572 -0.9598740214 -1.055117 -0.0226170578816 -0.996309956002 -0.0827945666279 0.427305 -0.963438073549 -0.000394537076386 0.267930817148 1.332692
-0.266857512253 0.0857645752597 -0.959912238585 -1.05514 -0.0227961330556 -0.996315414274 -0.0826796927715 0.427362 -0.963466348386 -0.000181410014341 0.267829353542 1.332751
-0.267189004447 0.0860114966551 -0.959797925788 -1.055096 -0.0229226812992 -0.99629413339 -0.0829008471347 0.427348 -0.963371468638 -0.000149052849241 0.268170451762 1.332786
-0.2672478299 0.0862150264637 -0.959763286767 -1.055112 -0.022969648528 -0.996276539304 -0.0830990522124 0.427226 -0.963354032877 -0.000162616003392 0.268233071965 1.332906
-0.267382286311 0.0858884914958 -0.959755114597 -1.055123 -0.0228026696483 -0.996304723199 -0.0828066228482 0.427268 -0.96332068971 -0.000256045317376 0.268352721649 1.332991
-0.267748729068 0.0859565530132 -0.959646856441 -1.055212 -0.0228456913035 -0.996298851582 -0.0828653891878 0.427208 -0.963217884215 -0.000263306796127 0.268721488158 1.332975
-0.26753647059 0.0859158788033 -0.959709694998 -1.055161 -0.0226988377853 -0.99630232041 -0.0828640399056 0.427185 -0.963280332856 -0.00038485808741 0.268497397039 1.332991
-0.267473073919 0.0857453038775 -0.959742620493 -1.055172 -0.0228832595865 -0.996317079576 -0.0826355454787 0.427262 -0.963293574752 -0.000140743843189 0.268450123919 1.33296
-0.267389604086 0.0856804103381 -0.959771674364 -1.055148 -0.0227248916042 -0.99632263322 -0.0826122862264 0.42732 -0.963320496475 -0.000278959242006 0.268353392476 1.332977
-0.267427112637 0.0855350735859 -0.959774187303 -1.055179 -0.0226363658322 -0.996335104347 -0.0824860884557 0.427382 -0.963312168702 -0.000333216848297 0.268383223391 1.332949
-0.267334889286 0.085606233065 -0.959793535002 -1.055178 -0.0230137682923 -0.996329047452 -0.0824548098743 0.427569 -0.963328824151 4.54185541716e-05 0.268323637605 1.332993
-0.266946414827 0.0857946706762 -0.959884829599 -1.055157 -0.0229004247787 -0.996312835612 -0.0826819456687 0.42748 -0.963439246739 -8.98786307176e-05 0.267926873915 1.332947
-0.266964328066 0.085662889733 -0.959891617248 -1.055089 -0.0229505890032 -0.996324178827 -0.0825312131846 0.427506 -0.963433089532 -2.81187720352e-06 0.267949028711 1.332872
-0.267007333126 0.0859618517238 -0.959852928373 -1.055109 -0.023124145769 -0.996298425202 -0.0827932474426 0.427432 -0.963417021824 8.93748320478e-05 0.2680067799 1.332815
-0.267056119612 0.0858749574129 -0.95984713401 -1.05509 -0.0231528748877 -0.996305913045 -0.0826950543634 0.427473 -0.963402809505 0.000139000275729 0.268057843229 1.332816
-0.267117053556 0.0860907842644 -0.959810844159 -1.055133 -0.0232098503556 -0.996287287577 -0.0829032174246 0.427373 -0.96338454552 0.00013220289383 0.268123478973 1.332804
-0.26686450575 0.0857254856088 -0.95991378607 -1.055116 -0.0230842549901 -0.996318786852 -0.0825590221492 0.427442 -0.963457551085 0.000126821965106 0.267861029591 1.332839
-0.266785032035 0.0858030945106 -0.959928943024 -1.055088 -0.0231974619262 -0.996312087848 -0.0826081192663 0.427374 -0.963476841674 0.000229305362841 0.267791566292 1.332915
-0.266838737427 0.0858877013126 -0.959906449073 -1.055064 -0.0232168568352 -0.996304799714 -0.0826905292343 0.427334 -0.963461501964 0.000220974185233 0.267846757314 1.332912
-0.267179168356 0.0862385793175 -0.959780287063 -1.05505 -0.0234722731316 -0.996274450225 -0.0829835659854 0.427284 -0.963360962667 0.000356744897089 0.268207994553 1.332853
-0.266953224558 0.0860285457546 -0.959862003214 -1.054959 -0.0231887612547 -0.996292662342 -0.0828445068464 0.427363 -0.963430463111 0.000142402590478 0.267958434224 1.332859
-0.266777156768 0.0858861365475 -0.959923705393 -1.054909 -0.0231424163565 -0.996304947831 -0.0827096094304 0.427453 -0.963480346033 0.000149919619414 0.267779013988 1.332864
-0.267053304679 0.0862188916625 -0.95981708423 -1.054887 -0.023301742542 -0.996276198578 -0.0830106314938 0.427366 -0.963400000651 0.000197147120202 0.268067901619 1.332835
-0.266976712788 0.0860019521117 -0.959857853571 -1.054942 -0.0232866070091 -0.996294937393 -0.0827896832931 0.427353 -0.963421594507 0.000248915122344 0.267990241013 1.332814
-0.267364186574 0.0857450564891 -0.959772982025 -1.055242 -0.0230478286415 -0.996317110035 -0.0825894293844 0.427415 -0.963319879029 3.92276174729e-05 0.268355751063 1.332854
-0.267716507149 0.0869707966643 -0.959564459704 -1.055449 -0.0230731011195 -0.996210813489 -0.0838549169263 0.42716 -0.963221419926 -0.000309217657389 0.268708765357 1.332894
-0.267416772222 0.0852729835113 -0.959800389778 -1.055475 -0.023590858246 -0.996357359567 -0.0819480533299 0.42735 -0.96329213707 0.000728231028368 0.268454331941 1.332991
-0.267625496295 0.0854262009992 -0.959728585547 -1.055647 -0.0231941708933 -0.996344467715 -0.0822175899054 0.427195 -0.963243803079 0.00025658552174 0.268628572557 1.33304
-0.267674303163 0.0859235847466 -0.959670571087 -1.055797 -0.0232040195628 -0.996301722575 -0.0827311976816 0.4271 -0.963230004154 0.000123199016077 0.268678141872 1.333171
-0.267743962731 0.0856814142305 -0.959672790943 -1.055712 -0.0232205372284 -0.996322565485 -0.0824751608394 0.427117 -0.963210245519 0.000201891379234 0.26874892031 1.33338
-0.268006163333 0.0857450503091 -0.959593915551 -1.055614 -0.0233561249756 -0.996317065871 -0.0825033070853 0.427173 -0.963134044587 0.000301000623198 0.269021786398 1.333357
-0.270396473235 0.0860278485485 -0.95889778211 -1.055526 -0.0231719592315 -0.996292716022 -0.0828485624973 0.427344 -0.962470159313 -0.000182418797592 0.271387470521 1.333292
-0.27015628798 0.0861319595658 -0.958956133307 -1.055472 -0.0232709388547 -0.996283733587 -0.0829287983429 0.427259 -0.962535216743 -8.79267844051e-05 0.271156686805 1.333416
-0.271154287239 0.0864107984988 -0.958649324005 -1.055473 -0.02365674819 -0.996259581361 -0.0831095951863 0.427214 -0.962245140688 0.000143002615031 0.27218425519 1.333262
-0.272591354417 0.0864753085779 -0.958235865799 -1.055535 -0.023453014088 -0.996253970919 -0.0832344974014 0.427271 -0.961844015227 -0.000215485120686 0.273598325906 1.333491
-0.273824431094 0.0870725350805 -0.957830128243 -1.055695 -0.0244412083913 -0.996201835421 -0.0835735031908 0.427264 -0.961469088566 0.000526058802121 0.274912558814 1.333517
-0.275491973805 0.0868801114957 -0.957369321942 -1.05584 -0.0241348341726 -0.996218767846 -0.0834606276696 0.42741 -0.961000354916 0.000113216775322 0.276547111779 1.33389
-0.277759839782 0.0872722444111 -0.95667812077 -1.055867 -0.024982904235 -0.996184270932 -0.0836226813981 0.427305 -0.960325635345 0.000673575287592 0.278880297612 1.334164
-0.283200320309 0.0861937555916 -0.955179676853 -1.056634 -0.0221720967914 -0.996275453226 -0.08332838306 0.427352 -0.958804451753 -0.00242028852509 0.284056623762 1.334741
-0.290073027343 0.0870118079599 -0.953040704316 -1.056583 -0.0242531062324 -0.996206642232 -0.083571004611 0.427539 -0.956697144161 -0.00112749686006 0.291082983193 1.333634
-0.288004704427 0.0863774733085 -0.953725443895 -1.055826 -0.0235341777837 -0.996261360289 -0.0831230682243 0.427872 -0.957339768684 -0.00149469054151 0.288960781415 1.333964
-0.295254150988 0.0841927977874 -0.951701927667 -1.055099 -0.0209530713397 -0.996440772561 -0.0816502025722 0.428598 -0.955188963047 -0.00416648285392 0.29596737201 1.334464
-0.302046161529 0.0819627238537 -0.949763248502 -1.054138 -0.0178537140887 -0.996608617763 -0.080327503974 0.429582 -0.953126099317 -0.00730581274984 0.302485146579 1.336681
-0.303597968067 0.0757995873192 -0.949780341104 -1.051061 -0.0124972420541 -0.997061557804 -0.0755782302632 0.43221 -0.952718265137 -0.011075762317 0.303653148778 1.347084
-0.305515586959 0.071943093444 -0.949465332401 -1.049083 -0.00761548911483 -0.997294314687 -0.0731167164053 0.43325 -0.952156620757 -0.0151076536253 0.305236839768 1.3539
-0.311569149038 0.0617910235497 -0.948212283603 -1.04276 0.00168847985663 -0.997845869974 -0.0655802471218 0.434591 -0.950221981646 -0.0220338191301 0.31079365568 1.385709
-0.310095064249 0.0579079960691 -0.948940311674 -1.040404 0.00753478170549 -0.997962183504 -0.0633617184104 0.434495 -0.950675695594 -0.0267982142414 0.309026823303 1.403304
-0.309729225234 0.0561366726414 -0.949166203054 -1.03806 0.00865883021719 -0.998047697239 -0.0618532027859 0.434017 -0.950785376252 -0.0273764135772 0.308638462095 1.423739
-0.315282617782 0.0537760097479 -0.947472960934 -1.035629 0.0103403605535 -0.998139248999 -0.0600925665171 0.433196 -0.948941488116 -0.0287433537115 0.314139892005 1.446424
-0.32130582968 0.0514784538829 -0.945575238994 -1.033105 0.0124470196917 -0.998205515327 -0.058573209504 0.431655 -0.946893676985 -0.0305895072964 0.320088497964 1.471207
-0.344110460214 0.0483666299117 -0.937682601034 -1.029878 0.0132526840253 -0.998322665934 -0.0563579723634 0.426305 -0.938835639256 -0.0318201790342 0.342892284353 1.518478
-0.355178125367 0.0472825901533 -0.933602086506 -1.029139 0.0113842780673 -0.998427138673 -0.0548966936548 0.422439 -0.934729317756 -0.0301264904982 0.354081201276 1.539962
-0.380090284407 0.0445428249222 -0.923876243036 -1.034773 0.0131912793178 -0.998477147495 -0.0535665574802 0.406795 -0.924855321577 -0.0325472376443 0.37892388612 1.592248
-0.38257709269 0.0448239434789 -0.922835620379 -1.039695 0.0127227443611 -0.998472174638 -0.0537721884311 0.399924 -0.923835970249 -0.032313009203 0.381422298131 1.605361
-0.382039151923 0.0455844407636 -0.923021205151 -1.046317 0.0105540164889 -0.998502388032 -0.0536804790527 0.392377 -0.924085872164 -0.0302496257109 0.380985906577 1.617133
-0.37457986134 0.0461009236472 -0.926047856386 -1.054822 0.0106815251231 -0.998482315995 -0.0540274899048 0.38406 -0.927133125554 -0.0301292131203 0.373518939302 1.62949
-0.364836868907 0.0466492394153 -0.929902095679 -1.06518 0.0122715649816 -0.998416394686 -0.0549009245313 0.375004 -0.930990584152 -0.0314412353997 0.36368665213 1.642707
-0.346515534832 0.0490776783023 -0.936759502547 -1.089391 0.0134112882776 -0.998269149542 -0.0572611772443 0.355245 -0.937948357569 -0.0324050391933 0.345257573368 1.671722
-0.34056133379 0.0501003168005 -0.938886540634 -1.103003 0.0129748751134 -0.998233801277 -0.0579735336525 0.344365 -0.940132772827 -0.0319254795556 0.339309789444 1.686818
-0.347371153685 0.0515608768731 -0.936309114323 -1.147039 0.018036929065 -0.997935074501 -0.0616462186248 0.307475 -0.937554238846 -0.0383022591619 0.345723858253 1.733166
-0.350289115125 0.0528717401286 -0.935148178056 -1.163154 0.0178343500434 -0.997848030321 -0.063097102499 0.293589 -0.936471821137 -0.0387799881511 0.348592370449 1.749144
-0.354923015109 0.0551051688647 -0.933270096869 -1.179903 0.0130671553303 -0.997871456117 -0.0638890171916 0.27908 -0.934804205595 -0.0348708679349 0.353447478096 1.764687
-0.358280354605 0.0566109764814 -0.93189612342 -1.197491 0.0073092909973 -0.997959246555 -0.0634343478 0.264029 -0.933585433567 -0.0295387805693 0.357135406637 1.7778
-0.361670426793 0.0590308038502 -0.930435310261 -1.215948 0.00283432827894 -0.997919236297 -0.0644140078881 0.248385 -0.932301704904 -0.0259338008359 0.360750563419 1.786267
-0.353230563394 0.0626764004286 -0.933434431502 -1.255923 -0.00381317944382 -0.997841468518 -0.0655580915559 0.216441 -0.935528529093 -0.0195977686289 0.352707100464 1.791915
-0.345226945502 0.0669384493957 -0.936129050982 -1.276969 -0.0124657532099 -0.997692297195 -0.0667434274993 0.200304 -0.938436444889 -0.0113720758858 0.345264702502 1.791999
-0.31670047299 0.07618811506 -0.945460830247 -1.344074 -0.0344062451013 -0.997035675004 -0.068819133006 0.153614 -0.947901377099 0.0107347050854 0.318383016823 1.794894
-0.310786224151 0.0785333858492 -0.947229871882 -1.366545 -0.041894180918 -0.996744012423 -0.0688930424982 0.139117 -0.949556107075 0.0182724110753 0.31306439994 1.797447
-0.307736355739 0.0805219434798 -0.94805830621 -1.388841 -0.0440603798112 -0.996549626781 -0.0703386401133 0.125303 -0.950450955224 0.0201260522787 0.310222377872 1.80052
-0.302677646686 0.0823068184242 -0.949532426954 -1.410643 -0.0485996150268 -0.996300994706 -0.0708689309082 0.112858 -0.951853097708 0.024696469175 0.305558120158 1.80447
-0.3009508697 0.0829502343503 -0.950025174744 -1.432076 -0.052414815876 -0.99614273456 -0.0703728602487 0.101204 -0.95219812072 0.0286166211166 0.304137843572 1.80866
-0.287611640052 0.0797962504716 -0.954417153512 -1.473618 -0.0393102083429 -0.996666918744 -0.0714825894962 0.08088 -0.956940046203 0.0169591123504 0.289789814317 1.820889
-0.263049521416 0.0779378389832 -0.961629160611 -1.493433 -0.0349933812168 -0.996846626598 -0.0712198449238 0.072089 -0.9641475056 0.0149163096839 0.264947336563 1.829528
-0.127421609117 0.0750463671904 -0.989005448065 -1.539046 -0.0213415216602 -0.997110032376 -0.0729117465724 0.049474 -0.991619016046 0.0118163491202 0.128654968463 1.865579
-0.0824176156841 0.0729729015266 -0.99392267922 -1.545773 -0.0154316513298 -0.997289542661 -0.0719404770375 0.043213 -0.996478399546 0.00940870564589 0.0833203186257 1.87889
-0.0611613762487 0.0723757340552 -0.995500396371 -1.546424 -0.0119235932305 -0.997349389053 -0.0717776015267 0.037402 -0.998056668722 0.00747992489389 0.0618622400478 1.890832
-0.0756857322783 0.0699875647793 -0.994672514301 -1.541368 -0.00477081776675 -0.997547718017 -0.0698268542664 0.032079 -0.997120308302 -0.00053949529452 0.0758340274382 1.901051
-0.121154584703 0.069832334862 -0.990174232958 -1.530661 -0.0065660186698 -0.997556885768 -0.069549601407 0.027033 -0.992611935252 -0.00192475057478 0.121317110627 1.90932
-0.244576165345 0.0655073543377 -0.967414743465 -1.495669 -0.00571298606004 -0.997795309161 -0.0661202148123 0.017503 -0.969613253383 -0.0106446016469 0.244411193116 1.926855
-0.312074497905 0.0620197904897 -0.948031145767 -1.474344 -0.00387223571876 -0.997941728584 -0.0640102502761 0.012758 -0.95004974267 -0.0163049666506 0.311672319135 1.93586
-0.463726442323 0.0567585604807 -0.88415849965 -1.416142 -0.0112845520654 -0.998243279946 -0.0581636736141 -0.002955 -0.885906567068 -0.0169947008141 0.463552299713 1.965189
-0.498234263179 0.0574471870123 -0.865137237494 -1.403406 -0.0164605090145 -0.99824950331 -0.0568065206204 -0.008826 -0.866886192437 -0.0140623556485 0.49830771569 1.9736
-0.528784975853 0.0543459168738 -0.847014150196 -1.395279 -0.0155650336188 -0.99840105866 -0.0543420260497 -0.014505 -0.848613091486 -0.0155514432091 0.528785375718 1.979463
-0.554170421884 0.0534130779741 -0.830687779259 -1.392651 -0.017021273526 -0.99845763173 -0.0528453771712 -0.020631 -0.832229187037 -0.0151459810561 0.554224845619 1.982656
-0.569576809711 0.0547932826714 -0.820109720717 -1.39559 -0.024518657457 -0.998464137522 -0.0496809975574 -0.026816 -0.821572329912 -0.00818915477253 0.570045475789 1.983746
-0.530737084107 0.0583241448516 -0.845527315751 -1.421978 -0.0373625350105 -0.998269589071 -0.0454078023411 -0.039127 -0.846712577284 0.00749143932689 0.53199782876 1.985696
-0.488948382495 0.063201002704 -0.870020179371 -1.444573 -0.0519794133334 -0.997710537601 -0.0432645784601 -0.045032 -0.870762665624 0.0240689928546 0.491114104601 1.98504
-0.324515862537 0.0710611514728 -0.943207171153 -1.535681 -0.0868132096121 -0.995202774599 -0.045109910968 -0.05678 -0.941887955969 0.0672439601902 0.329128133436 1.971147
-0.268779843862 0.0720658004871 -0.960501908345 -1.56815 -0.0914772466475 -0.994599609905 -0.0490258026268 -0.057833 -0.958847907063 0.0746869223998 0.273920708861 1.963688
-0.211838572562 0.0729012950703 -0.974581869497 -1.598698 -0.0938717515243 -0.994121001819 -0.0539585767889 -0.056977 -0.972785954586 0.080055199209 0.217436546236 1.955329
-0.161539710711 0.0696537384065 -0.984405037873 -1.62593 -0.0894561090291 -0.994432972249 -0.0556836444645 -0.053561 -0.982803401714 0.0790659245786 0.166871367076 1.947091
-0.123968259424 0.0701629822288 -0.98980251898 -1.648729 -0.0832094266943 -0.994718753528 -0.0600898717583 -0.048921 -0.988791212524 0.074911663334 0.129151774018 1.938469
-0.0738986955927 0.0676990074802 -0.99496523918 -1.677894 -0.0574793773489 -0.996323762031 -0.063522298388 -0.033342 -0.995607906743 0.05249576744 0.0775183231992 1.923605
-0.0731421046296 0.0685007430285 -0.994966271154 -1.68328 -0.0454554000104 -0.996830647094 -0.0652875763323 -0.023567 -0.996285119401 0.0404513191131 0.0760240201631 1.916654
-0.21637785155 0.0707429758948 -0.973743321785 -1.665305 -0.0243936954787 -0.997451722868 -0.0670448220876 0.011661 -0.976004904178 0.00924618350513 0.21755214343 1.890622
-0.284197676762 0.0697107251392 -0.956228056127 -1.652132 -0.0196257054434 -0.997567218476 -0.0668915264235 0.024147 -0.958564818992 -0.000243766238365 0.284874408063 1.882476
-0.352255421592 0.0677292962685 -0.933449977442 -1.638096 -0.0149400498255 -0.997657861576 -0.0667501771249 0.036683 -0.935784650905 -0.00956732261187 0.352442269695 1.874582
-0.409993048264 0.0666235228925 -0.909652134925 -1.624982 -0.0141084066557 -0.997672566547 -0.0667113395283 0.049017 -0.911979524571 -0.0145174432123 0.409978768481 1.867623
-0.456357997656 0.063371788049 -0.887536700343 -1.614695 -0.00864891935048 -0.997729393935 -0.0667926094133 0.061243 -0.889754221215 -0.0228051081482 0.455869885902 1.862252
-0.51949050473 0.0604105795631 -0.85233806519 -1.607207 -0.00811972435659 -0.997801665558 -0.0657716221891 0.084091 -0.854437642881 -0.02724698306 0.518839008116 1.853153
-0.537859780797 0.0580219574679 -0.841035260053 -1.612215 -0.00424373358571 -0.997802443941 -0.0661231698467 0.094562 -0.84302363367 -0.0319958640595 0.536924033507 1.849371
-0.521496410288 0.05314404756 -0.851596855481 -1.667803 0.010344894222 -0.997591309774 -0.068589808473 0.121032 -0.853190762503 -0.0445790182907 0.519690517432 1.846913
-0.491875021646 0.0540838175694 -0.868984409387 -1.699104 0.0110790214603 -0.997599225039 -0.0683596480825 0.127603 -0.870595324111 -0.0432519003005 0.490094944634 1.849557
-0.457928224117 0.0550759379652 -0.887281456255 -1.735131 0.0153718119678 -0.997439262157 -0.069847159597 0.133138 -0.888856258882 -0.0456241094619 0.455908973022 1.852582
-0.422273671428 0.0563728746662 -0.904713791992 -1.774668 0.0153269554635 -0.997477642204 -0.0693068376063 0.137556 -0.906338805776 -0.0431329607681 0.420344521602 1.856141
-0.391490513989 0.0561223433837 -0.918469084961 -1.817016 0.0235391854964 -0.997200907419 -0.0709665906504 0.140658 -0.919881016329 -0.0494027612134 0.389073621545 1.859705
-0.349629678836 0.0582590652988 -0.93507484673 -1.905102 0.0293092937239 -0.996896075418 -0.0730696935592 0.143773 -0.936429416976 -0.0529537168284 0.346836922625 1.866044
-0.338036334365 0.0591630255328 -0.939271618361 -1.949946 0.0303193192547 -0.996819500327 -0.0736995430688 0.143808 -0.940644553234 -0.0533911994473 0.335167427254 1.869307
-0.286593128796 0.0637605972297 -0.955928326167 -2.082833 0.0380029425657 -0.996241058792 -0.0778429774176 0.135702 -0.95729836252 -0.0586373517291 0.283092751759 1.896918
-0.25779989974 0.0663402713832 -0.963918139723 -2.125529 0.0394271711456 -0.996086764339 -0.079099027079 0.130108 -0.965393551806 -0.0583962867158 0.254175458745 1.913108
-0.231805069772 0.0679219726832 -0.970388074563 -2.166244 0.0423475346423 -0.995909021442 -0.0798242276489 0.123234 -0.971840056767 -0.0595972032637 0.227980432111 1.930794
-0.210693832244 0.0749165750369 -0.974677185451 -2.204351 0.0423443864999 -0.995423784035 -0.0856647133248 0.114446 -0.976634559078 -0.0593211341919 0.206557355356 1.948507
-0.193964718399 0.0846430089355 -0.977350115903 -2.239154 0.043397746947 -0.994555115867 -0.0947457495715 0.104479 -0.980048123092 -0.0607921256437 0.189235287099 1.966235
-0.182649289731 0.117313097586 -0.97615412415 -2.297761 0.0477922336529 -0.990622704545 -0.12799437348 0.07926 -0.982015854945 -0.0700306673882 0.175329878406 2.000854
-0.181122176757 0.140085420359 -0.973432500017 -2.322123 0.0493563105649 -0.987261196886 -0.151258995538 0.06443 -0.982221315027 -0.0754413953107 0.171900797495 2.017325
-0.184388932917 0.221389764606 -0.957594535044 -2.374791 0.04772230782 -0.971134670293 -0.233709292694 0.013889 -0.98169409836 -0.0887920282606 0.168501255079 2.046561
-0.186566345756 0.252423437677 -0.949460587251 -2.38602 0.0447951907659 -0.963238032411 -0.264888436517 -0.004196 -0.981420597662 -0.0919505357645 0.168400443755 2.047788
-0.189545050661 0.285006022271 -0.939597914556 -2.393715 0.0445714112692 -0.953461382516 -0.29820258441 -0.022936 -0.980859859036 -0.0984020290467 0.16802076542 2.046522
-0.196413983013 0.318589296434 -0.92732001352 -2.39773 0.0425286447984 -0.942084021311 -0.332669522442 -0.042018 -0.979598316479 -0.104778609399 0.171489303934 2.044995
-0.210530612 0.353913070299 -0.91127515059 -2.397997 0.0391337439545 -0.92836931713 -0.369592966783 -0.06163 -0.976803670906 -0.113472241903 0.181600217022 2.043695
-0.241486211066 0.425966998596 -0.871915435104 -2.389797 0.0318016324227 -0.894550959711 -0.445833193757 -0.101366 -0.969883016678 -0.135390902899 0.202475275952 2.044747
-0.260011681781 0.461935067896 -0.847944525536 -2.38218 0.0287479035495 -0.874055517835 -0.484974751698 -0.121586 -0.965177436215 -0.150475728246 0.213984980384 2.047429
-0.296405921009 0.564091943014 -0.770677500526 -2.34922 0.019489588226 -0.80319914495 -0.595391710978 -0.182096 -0.954863176556 -0.191497815594 0.227079062621 2.062924
-0.314852644408 0.591296112478 -0.742453176757 -2.33601 0.0172851389222 -0.778535493767 -0.627362502001 -0.201982 -0.948983159114 -0.210360149061 0.23490332353 2.068465
-0.330927899389 0.615357118899 -0.715417599467 -2.322375 0.0179680723611 -0.753887430551 -0.656757862863 -0.222106 -0.943484962139 -0.23019417516 0.238425602528 2.074742
-0.341925124058 0.638165468626 -0.689805801796 -2.308737 0.0217298996124 -0.728483405614 -0.684718729997 -0.242968 -0.93947592891 -0.249111947524 0.235219507269 2.081907
-0.348572741 0.658656201944 -0.66683510096 -2.295381 0.0302968329097 -0.703166751514 -0.710379209635 -0.264416 -0.936791943896 -0.267821819884 0.22514956506 2.089682
-0.359667384257 0.698573314917 -0.618574729833 -2.268312 0.0410112544553 -0.650462256271 -0.758430570438 -0.311068 -0.932178872165 -0.298151265055 0.205300690297 2.106065
-0.361815993147 0.71576843422 -0.597297861772 -2.255035 0.0452062765724 -0.626481420335 -0.778124297611 -0.336165 -0.931152822936 -0.308539427867 0.194313771488 2.114693
-0.329690319623 0.760925335492 -0.558835330802 -2.215336 0.0578522459686 -0.574534979903 -0.81643289651 -0.419104 -0.942314921235 -0.301499901615 0.145397381486 2.145155
-0.320580754304 0.768146667781 -0.554237022173 -2.201324 0.0738378122919 -0.563072937257 -0.823101965011 -0.448463 -0.944338899678 -0.304794298021 0.123792077486 2.155148
-0.30737396546 0.776915521498 -0.54947567536 -2.185897 0.0855359421991 -0.55253476736 -0.829089219234 -0.478809 -0.947736697585 -0.301840360643 0.103380601357 2.164445
-0.300727749721 0.781271675678 -0.546971104659 -2.169073 0.0988874366538 -0.544884295341 -0.832659822234 -0.509782 -0.94856949952 -0.304492485087 0.0866038746582 2.170731
-0.29040775773 0.784440052156 -0.548011987847 -2.150295 0.114113022159 -0.540216470744 -0.833753190645 -0.541078 -0.950074498355 -0.304663698708 0.0673682289034 2.174689
-0.269664805671 0.783477049151 -0.559861238198 -2.105678 0.155845000468 -0.538226506825 -0.828265997841 -0.605881 -0.950259558442 -0.310605764281 0.0230397652783 2.175471
-0.261052203626 0.781789426022 -0.566265874251 -2.078956 0.167767235016 -0.540936482707 -0.824161317056 -0.63972 -0.950634473306 -0.310149987968 0.0100540104641 2.173343
-0.243322368044 0.776738907191 -0.580922452024 -1.975729 0.172220488755 -0.554808529112 -0.81395798373 -0.746671 -0.954533565917 -0.298100932706 0.0012269708831 2.161955
-0.238411307459 0.779875307416 -0.57875258389 -1.932616 0.162114406091 -0.555616692849 -0.815480845861 -0.783936 -0.957537971996 -0.28824398608 0.00603627990121 2.157061
-0.232780987592 0.786111533547 -0.572574596573 -1.884939 0.152453849981 -0.551973002315 -0.819807067755 -0.821648 -0.960505510365 -0.278126700516 0.00864309079865 2.151903
-0.223849349376 0.795336721944 -0.563321371431 -1.833509 0.144827238788 -0.544426949682 -0.826210849218 -0.859793 -0.96380316439 -0.26653103982 0.00668319712288 2.146096
-0.220042143164 0.806035152928 -0.54944407129 -1.77809 0.132559634576 -0.533317049514 -0.835464462427 -0.89806 -0.966441616712 -0.25667149616 0.0105045012331 2.138765
-0.219574876299 0.836360647762 -0.502282530627 -1.65574 0.0801600183658 -0.497639615564 -0.863671919468 -0.972015 -0.972296891466 -0.22990363176 0.0422264721437 2.120181
-0.221707574895 0.853662013779 -0.471282205759 -1.590119 0.0484808953736 -0.473062540259 -0.879693944385 -1.007298 -0.973907261508 -0.217882994369 0.0634952498001 2.109527
-0.241452285563 0.893956627504 -0.377547800865 -1.385155 -0.00714970376915 -0.390687238033 -0.920495716326 -1.103307 -0.970386353744 -0.219556439623 0.100723851632 2.074415
-0.251575999573 0.903552194999 -0.346847152721 -1.315949 -0.017642598082 -0.362595113982 -0.931779760485 -1.130946 -0.967676730717 -0.228294139715 0.107161236463 2.061174
-0.261193223501 0.910965081285 -0.319250247731 -1.247282 -0.0197362447815 -0.335701759101 -0.941761546029 -1.156667 -0.965084753086 -0.239680932941 0.105662054426 2.04714
-0.267842116118 0.917828909721 -0.2930028896 -1.179093 -0.0187136481126 -0.309012975954 -0.950873693014 -1.180452 -0.96328105982 -0.249200869126 0.0999426166314 2.032268
-0.274569689546 0.924210571463 -0.265417228489 -1.111613 -0.0243276678116 -0.282614055942 -0.958925158687 -1.202518 -0.96125940836 -0.256834800952 0.100081141372 2.016062
-0.273195273723 0.936220450388 -0.221033053392 -0.979539 -0.0164142296092 -0.234277423559 -0.972031204168 -1.242592 -0.961818546027 -0.2619262436 0.0793708222937 1.983434
-0.272597870865 0.939552260121 -0.207200268584 -0.915158 -0.00203808944579 -0.215919642278 -0.976409009724 -1.26043 -0.962125899761 -0.265744724464 0.060774126308 1.966208
-0.287639500555 0.942874676586 -0.168079927335 -0.724961 0.00419948991776 -0.174253280581 -0.984691910443 -1.306799 -0.957729545334 -0.28394213928 0.0461625338983 1.916828
-0.294612444465 0.942494119122 -0.157823771933 -0.662534 -0.00266133648271 -0.165962394609 -0.986128491052 -1.320916 -0.955613114631 -0.290105703143 0.0514028807491 1.900657
-0.302042711534 0.941929607899 -0.146761078537 -0.600688 -0.0206392755108 -0.160376797745 -0.986840059509 -1.333953 -0.953070942121 -0.29503880509 0.0678813875473 1.885289
-0.307842950925 0.941016520129 -0.140430147794 -0.540032 -0.0322988204998 -0.157848854856 -0.986934914376 -1.345774 -0.950888796737 -0.299285228276 0.0789863809501 1.869655
-0.315373956149 0.939085982419 -0.136589843716 -0.480497 -0.037820169462 -0.156258908342 -0.986991787375 -1.356705 -0.948213532157 -0.306105653635 0.0847963811017 1.855368
-0.325402814458 0.935773530671 -0.135797303499 -0.366202 -0.0473937877008 -0.159573538991 -0.986047724272 -1.377524 -0.944387016657 -0.314426756095 0.0962755307494 1.831636
-0.322396899712 0.936222956646 -0.139809922767 -0.311652 -0.048223791682 -0.163748491429 -0.985322737721 -1.386491 -0.9453754307 -0.310922831267 0.0979402267986 1.823313
-0.317155827562 0.931873716914 -0.176135052639 -0.157902 0.00923802198378 -0.182678858768 -0.983129235406 -1.41358 -0.948328445209 -0.313432305744 0.0493289947477 1.805915
-0.314583206147 0.930096579779 -0.189625311321 -0.108036 0.0328922275665 -0.188966506917 -0.981432504368 -1.42315 -0.9486598483 -0.314979382733 0.0288527412395 1.804465
-0.317070646238 0.926922716334 -0.200699983155 -0.05783 0.0473032039452 -0.195899447478 -0.979482421167 -1.43273 -0.947221522238 -0.320058876493 0.0182675501174 1.806146
-0.322134616919 0.922988832216 -0.210525305335 -0.006589 0.0600707725777 -0.202002706755 -0.977541001056 -1.441592 -0.944786108526 -0.327546213636 0.00962741232534 1.810334
-0.321488193145 0.922290248492 -0.214536801516 0.045697 0.0572640087788 -0.207213379809 -0.976618374047 -1.450741 -0.945180498618 -0.32625651375 0.0138026181841 1.818751
-0.328673995819 0.919890030868 -0.213952647992 0.153646 0.034397491278 -0.214728642388 -0.976067837157 -1.470465 -0.94381683449 -0.328167550572 0.038933811597 1.845744
-0.33290122933 0.91890459687 -0.211639111135 0.20883 0.0231030788511 -0.216425283068 -0.976025790948 -1.480452 -0.942678640502 -0.329809700737 0.0508187174335 1.864634
-0.332027903921 0.92074191162 -0.204919016209 0.373418 0.000959344876167 -0.216913590743 -0.976190336875 -1.514054 -0.943269076497 -0.324319019389 0.0711380558311 1.920886
-0.32972148676 0.922012295926 -0.202921332859 0.427422 -0.000685510737031 -0.215174985914 -0.976575268739 -1.526258 -0.944078000614 -0.321858744789 0.0715798655978 1.934279
-0.326967347811 0.923285260441 -0.201585419408 0.480629 -0.00110533882497 -0.21368334222 -0.976902353096 -1.538485 -0.945034989665 -0.319192351271 0.0708880187218 1.944951
-0.326728881939 0.92378238545 -0.199685607991 0.533056 -0.00235309343712 -0.212075565039 -0.977250437536 -1.55093 -0.945115178514 -0.318826063937 0.0714649585201 1.952863
-0.325879791862 0.924815204323 -0.196263086464 0.585241 -0.00382247080135 -0.208882662335 -0.9779332401 -1.56356 -0.945403485277 -0.317938470821 0.0716057176405 1.957576
-0.327449680243 0.924857687142 -0.19342948442 0.687096 -0.00460439494525 -0.206275201102 -0.978483183789 -1.590098 -0.944857400064 -0.319513379914 0.0718031587027 1.958431
-0.327720438711 0.926609636452 -0.184374335756 0.737219 -0.0238893171471 -0.203216561356 -0.978842341604 -1.603727 -0.944472664812 -0.316382064639 0.0887342921177 1.954543
-0.329467885112 0.93196352264 -0.151310624707 0.878302 -0.111340427393 -0.19749035579 -0.973961430755 -1.6444 -0.93757891503 -0.304042023147 0.168831946777 1.936956
-0.329292780212 0.933640152741 -0.141004716552 0.919705 -0.138379841158 -0.195438824333 -0.970904055767 -1.657679 -0.934032806951 -0.300199485563 0.193553569861 1.931744
-0.330652148827 0.934289009835 -0.133316175232 0.957276 -0.16082680802 -0.194977586785 -0.967532158883 -1.67058 -0.929948328832 -0.298475772474 0.214728477264 1.925344
-0.330591742017 0.935738224434 -0.122894570443 0.990997 -0.189316693906 -0.19331992044 -0.962697562981 -1.683433 -0.924590876831 -0.294993870606 0.241060836276 1.916723
-0.329918007739 0.937084262918 -0.11413672661 1.019878 -0.215561374306 -0.192494949516 -0.957329090918 -1.69572 -0.919068768959 -0.29123663678 0.265506721799 1.906184
-0.324755317234 0.94096811049 -0.0954620289378 1.060991 -0.272549700553 -0.189757676411 -0.943243703913 -1.719959 -0.9056768986 -0.280305260892 0.318085391144 1.878787
-0.323188651284 0.942211012675 -0.0882468315292 1.071744 -0.299705165627 -0.190359324522 -0.934847656714 -1.730698 -0.897622364571 -0.27568412207 0.343907480961 1.86169
-0.299989331617 0.950286127081 -0.0834426605111 1.05681 -0.347250408544 -0.190252561642 -0.918270720733 -1.756806 -0.888495106729 -0.246495921803 0.387060984668 1.806447
-0.295288397549 0.951852040974 -0.0823556577684 1.03423 -0.356712515571 -0.189804946802 -0.914729612183 -1.762187 -0.886318759538 -0.240731747518 0.395584734575 1.789509
-0.292607825452 0.952932568505 -0.0793736755225 1.002343 -0.366116409103 -0.188326867254 -0.911313209636 -1.764826 -0.883368233224 -0.237597371518 0.403990165199 1.773973
-0.292733375513 0.953065750411 -0.0772841914884 0.960226 -0.374884206114 -0.188747154522 -0.90765430846 -1.765439 -0.879641405839 -0.236728086743 0.412541888879 1.760414
-0.297788234559 0.951356202778 -0.0790160919968 0.908128 -0.370358732 -0.191421717356 -0.908951118464 -1.764412 -0.879861680601 -0.241410649228 0.409346212208 1.748713
-0.300898441014 0.949543071287 -0.0884764599542 0.776264 -0.345473682978 -0.195008378762 -0.917943171761 -1.756836 -0.888880229595 -0.245641380845 0.386719859138 1.730521
-0.307830906865 0.946150953204 -0.100192347664 0.696814 -0.310866686186 -0.199545492754 -0.929270412604 -1.751056 -0.899223018054 -0.254911690735 0.35555308145 1.724285
-0.310335640772 0.93693474016 -0.160764059253 0.421581 -0.133056197143 -0.21026001918 -0.968548797292 -1.726492 -0.941269269905 -0.279184557265 0.189916151278 1.716855
-0.306549014864 0.935808156708 -0.174042510108 0.323916 -0.0888549451005 -0.210180928679 -0.973616339197 -1.716993 -0.947698528129 -0.282996591955 0.147581939019 1.716747
-0.303651326437 0.934741967301 -0.18453543432 0.22507 -0.0557387579133 -0.210776228468 -0.975943939158 -1.706961 -0.951151440529 -0.286060895753 0.116103837583 1.717146
-0.304895846686 0.933036357183 -0.191001777083 0.126391 -0.0337927864545 -0.211023176765 -0.97689675322 -1.696415 -0.951785989736 -0.291397280432 0.0958699885227 1.718064
-0.305060153022 0.932297781541 -0.19431713659 0.028306 -0.0186524709297 -0.209853339112 -0.977554940344 -1.685895 -0.952150402177 -0.294588564948 0.0814075490097 1.719791
-0.292074619698 0.935800646678 -0.197407107789 -0.165523 -0.00574346401568 -0.208119902 -0.978086457841 -1.66406 -0.956378287682 -0.284540429585 0.066161278568 1.727811
-0.288077267873 0.936985935419 -0.197658403722 -0.260773 -0.0019666868662 -0.206987114339 -0.978341692171 -1.652109 -0.95760514821 -0.28144926954 0.0614710403165 1.732688
-0.264088694787 0.944019611622 -0.197697076756 -0.538352 0.0063213921219 -0.203275473007 -0.979101180714 -1.611609 -0.964477683146 -0.259819273623 0.0477152362129 1.756421
-0.254572163116 0.946429639108 -0.198655359819 -0.628129 0.00813208143664 -0.203320941488 -0.979078374801 -1.595953 -0.967019587712 -0.250861581297 0.0440634089821 1.766997
-0.255365036468 0.94626636434 -0.198415387177 -0.716139 0.0108163999129 -0.20241061124 -0.979241007082 -1.579128 -0.966784207382 -0.252210055661 0.0414533977 1.777466
-0.260894898625 0.944680186361 -0.198779267957 -0.802582 0.0138663400499 -0.202222143856 -0.979241507059 -1.561017 -0.965267619101 -0.258235454638 0.0396594690186 1.788275
-0.263801856795 0.943610211367 -0.200020872299 -0.886919 0.0199294317427 -0.201990150906 -0.979184761262 -1.541761 -0.964370985722 -0.262297060488 0.0344797615641 1.800028
-0.270630823232 0.94140464518 -0.201286491224 -1.049133 0.0402165112827 -0.197850667512 -0.97940683354 -1.500897 -0.961842809266 -0.273152718086 0.0156844784914 1.825242
-0.270041843444 0.940644608782 -0.205584831051 -1.126838 0.0605808171329 -0.196495489514 -0.978631435831 -1.479448 -0.960940876113 -0.276725934039 -0.00392301481504 1.83929
-0.269444204111 0.941548627884 -0.202202873871 -1.338999 0.130274883722 -0.172400906054 -0.976374099545 -1.412518 -0.95416365239 -0.289420298048 -0.0762077130964 1.882727
-0.274046313646 0.942471321172 -0.191432564483 -1.400772 0.146489727154 -0.155822565039 -0.976862369049 -1.390081 -0.95049428079 -0.295748435317 -0.0953597671569 1.897057
-0.279337915714 0.943978106127 -0.175714723338 -1.457278 0.161043778337 -0.134347694944 -0.977760501515 -1.367546 -0.946591374514 -0.301423343517 -0.114493395791 1.911916
-0.288228074691 0.944686242793 -0.156500733665 -1.508429 0.172051622194 -0.109685332803 -0.978962393082 -1.344849 -0.941978140012 -0.309090650855 -0.130920408241 1.926576
-0.294866680081 0.945525996812 -0.137964598109 -1.554259 0.184049607793 -0.0854803219561 -0.979192961795 -1.322397 -0.937645659537 -0.314123707974 -0.148818390124 1.942101
-0.313672093288 0.943648162697 -0.105536547846 -1.630212 0.193724830298 -0.0452087881563 -0.980013701741 -1.278296 -0.929559308499 -0.327847999098 -0.168627344964 1.973852
-0.329192920767 0.939976396973 -0.0898687601448 -1.660279 0.186261567085 -0.0286629567458 -0.982082004487 -1.257099 -0.925709808495 -0.340033539587 -0.165645834274 1.989665
-0.35905516938 0.930459005232 -0.0729755090627 -1.720404 0.208895996332 0.00391231110107 -0.977930036628 -1.200094 -0.909638306173 -0.366375126617 -0.195773896469 2.042351
-0.363448368542 0.928760902974 -0.0728592376576 -1.730109 0.222769481798 0.0107036345951 -0.974812387173 -1.184056 -0.904587774284 -0.370524786369 -0.2107898036 2.060991
-0.371050741966 0.925541558838 -0.0754597227006 -1.734423 0.235054412894 0.0149969894127 -0.971866510015 -1.169665 -0.898371175999 -0.378348930449 -0.22311727177 2.078727
-0.378905902597 0.922370940199 -0.0752473631009 -1.733035 0.234567279753 0.0170671556249 -0.971950051941 -1.156981 -0.895214224779 -0.385928180981 -0.222824888373 2.094349
-0.393830653652 0.916180198329 -0.0742378638752 -1.726305 0.227236877039 0.0187850972059 -0.973658318835 -1.146252 -0.890651906166 -0.400326072486 -0.215588074185 2.106751
-0.41321870705 0.907788678145 -0.0719028231481 -1.697386 0.214368119446 0.020230135905 -0.976543419909 -1.132019 -0.885040456425 -0.418939682333 -0.20296042239 2.123672
-0.415730972049 0.906523810145 -0.0733644363376 -1.675597 0.219824806334 0.0218814890101 -0.975293932596 -1.129126 -0.882521848681 -0.421587217641 -0.208373233698 2.128497
-0.406024248901 0.912285972235 -0.0536527181752 -1.581115 0.176920533799 0.0208701510274 -0.984003842226 -1.134601 -0.896573161557 -0.409021688495 -0.169875908581 2.128533
