-0.349999302847 -0.248902798615 -0.903076898635 4.620761 -0.0442874760128 -0.958578547388 0.281364155423 -1.836674 -0.935702467387 0.13847225473 0.324478546587 0.74624
-0.351751271493 -0.257804473425 -0.899893269496 4.619029 -0.0370196363048 -0.956745300202 0.288561912021 -1.833517 -0.935361208053 0.134815741008 0.326992547997 0.768911
-0.348313600776 -0.268062125041 -0.898231781131 4.617023 -0.029166444825 -0.95467529398 0.296216815121 -1.830692 -0.936924198647 0.12937457317 0.324707970038 0.792306
-0.339324419543 -0.27567653218 -0.899367215272 4.614772 -0.0260400940961 -0.952973500334 0.301932809018 -1.828672 -0.940308912965 0.125872782074 0.316188537003 0.816032
-0.328196751864 -0.284283212256 -0.900816267224 4.612649 -0.019355517214 -0.951414808772 0.307303149352 -1.826681 -0.944411063054 0.118291660222 0.306748801306 0.83999
-0.318341390536 -0.292847309493 -0.901609234865 4.610965 -0.011028016925 -0.949880145758 0.312419736153 -1.825128 -0.947911990595 0.10939909514 0.299156641358 0.863199
-0.310794338221 -0.300783705303 -0.901629658981 4.60975 -0.00195557383392 -0.948403001209 0.317061386847 -1.823932 -0.950475173301 0.100304087269 0.294170078383 0.885732
-0.302407496851 -0.311484104713 -0.900848132795 4.610414 0.00503134327029 -0.945607319118 0.325271399933 -1.822605 -0.953165458582 0.0938320336606 0.287525925832 0.940993
-0.304553307842 -0.315088792837 -0.898869476238 4.611231 0.0059140239138 -0.94430699926 0.329012637248 -1.820981 -0.952476932531 0.0948859514177 0.289455262899 0.950335
-0.309005684312 -0.317684353312 -0.896433008497 4.61224 0.00310625938069 -0.942893895266 0.333078749581 -1.818754 -0.95105511839 0.100138673502 0.292346383343 0.951655
-0.315034779608 -0.317839448379 -0.894276899339 4.613168 0.00061602798266 -0.9423247606 0.3346993667 -1.816364 -0.949079927165 0.104891041629 0.297060871269 0.944787
-0.323058759646 -0.316568348202 -0.891861827153 4.614639 -0.00228736073206 -0.942130082837 0.33523972765 -1.814363 -0.946376143929 0.11034214032 0.303639269977 0.929578
-0.333754602059 -0.311899637453 -0.889565333048 4.61644 -0.0085295902824 -0.942637853021 0.333708142156 -1.813467 -0.94262140422 0.118964256009 0.311949345404 0.907878
-0.348461651961 -0.307382397959 -0.885488869799 4.618533 -0.0150572630567 -0.942742183063 0.333182315113 -1.813117 -0.937202089168 0.129434298775 0.323881160858 0.881456
-0.367357239702 -0.304735559062 -0.878740517719 4.620862 -0.0191280947795 -0.942125869479 0.33471325347 -1.812451 -0.929883204724 0.139767968796 0.340267748207 0.851943
-0.431193727001 -0.293746804937 -0.853103032689 4.629125 -0.0344481303696 -0.939469427297 0.34089664341 -1.81338 -0.901601517362 0.176380298683 0.394974295528 0.765
-0.449070848653 -0.286146550622 -0.846436958348 4.631435 -0.0410025221051 -0.939733617583 0.339440011144 -1.814195 -0.892554853256 0.187138663966 0.410274242889 0.740634
-0.463927205213 -0.28122343523 -0.840050550705 4.634025 -0.0448483563309 -0.939601923182 0.339318214788 -1.814767 -0.884737347012 0.195093837498 0.423294485403 0.71997
-0.47267251985 -0.274302075686 -0.837459885758 4.63637 -0.0488933808581 -0.940694978726 0.335711772668 -1.815487 -0.879880745492 0.199627974678 0.431229110148 0.703134
-0.476908536121 -0.268956298062 -0.836791944218 4.638162 -0.0490921167062 -0.942395854483 0.330877647374 -1.815817 -0.877580886444 0.198878262228 0.436232993434 0.689073
-0.477798555526 -0.268451201262 -0.836446347878 4.640082 -0.0435060785754 -0.943763746527 0.32774565118 -1.816087 -0.87739145281 0.192986899249 0.439249695793 0.682028
-0.477055889793 -0.26842744922 -0.836877758409 4.641532 -0.0359381429832 -0.945462568018 0.323742154122 -1.816127 -0.878137875218 0.184518933939 0.441391702601 0.681114
-0.476387038685 -0.268114501134 -0.837358945528 4.642305 -0.0292090353323 -0.94701975597 0.319844359114 -1.81593 -0.878750375037 0.176828154104 0.443316571186 0.686992
-0.468826678116 -0.263414785639 -0.843097975679 4.640542 -0.0198666369615 -0.951111074789 0.308209409573 -1.813174 -0.883066737355 0.16124631506 0.440673079796 0.742714
-0.458702145081 -0.264416341287 -0.848337397831 4.638633 -0.0195210759699 -0.951471482025 0.307117154335 -1.811524 -0.888375635467 0.157435756276 0.431280318302 0.770276
-0.443772090858 -0.267632095543 -0.855242300644 4.63603 -0.0187434153129 -0.951381926031 0.307442864941 -1.809537 -0.895943645414 0.152464724629 0.417180407002 0.800072
-0.424814445966 -0.271795266179 -0.863516079631 4.633082 -0.0180987960262 -0.951125267802 0.308274485696 -1.807218 -0.905099508386 0.146588056237 0.399132586602 0.830638
-0.403178457963 -0.275573456305 -0.872643341357 4.629793 -0.0161316505654 -0.951293697613 0.30786372104 -1.804637 -0.914979180574 0.138201197763 0.379095671371 0.862069
-0.380169389093 -0.279103587668 -0.881800670757 4.626942 -0.0148171766624 -0.951423527759 0.30752840861 -1.802095 -0.924798187105 0.12997868355 0.357566574151 0.893191
-0.357657087424 -0.281562638799 -0.890395355024 4.624456 -0.0163060208242 -0.951435873083 0.307414855035 -1.799716 -0.933710619786 0.124467906883 0.335696616985 0.923626
-0.337812043484 -0.285336642819 -0.896920299437 4.629671 -0.017078540852 -0.95092508114 0.308949532287 -1.800338 -0.941058630862 0.11968496281 0.316360811349 0.955737
-0.297477596362 -0.295941934745 -0.907703393693 4.627604 -0.0215695495901 -0.948418830978 0.316285433711 -1.794285 -0.954485114705 0.113666583948 0.275750019946 1.005275
-0.295203872896 -0.299899598249 -0.90714657272 4.627148 -0.0197988060373 -0.947335905016 0.31962898859 -1.792557 -0.955229124717 0.112316134362 0.273719574117 1.005346
-0.299852582281 -0.299670505026 -0.905696426689 4.626729 -0.0200012212484 -0.947198213274 0.320024211458 -1.791286 -0.953775854196 0.114075120812 0.27802605411 0.996793
-0.309274567137 -0.296814517843 -0.903465762561 4.626423 -0.0220431213061 -0.947550984001 0.318843587865 -1.790718 -0.950717278125 0.118525418022 0.286510701995 0.980674
-0.320436590189 -0.293680336827 -0.900595498228 4.626201 -0.0226819196769 -0.948076047501 0.31723388639 -1.790791 -0.946998374966 0.1220805796 0.297137022091 0.958711
-0.331855249607 -0.290602027503 -0.897453372003 4.626339 -0.0220519469761 -0.948717226733 0.315355886794 -1.79131 -0.943072534296 0.1244431007 0.308428451582 0.933251
-0.342941465831 -0.288725464843 -0.893884084747 4.626909 -0.0199087959263 -0.949143896696 0.314212512816 -1.792359 -0.939145777214 0.125552655552 0.319752622859 0.905987
-0.353963517415 -0.283709471309 -0.89118952206 4.627776 -0.0220109567921 -0.950088748506 0.311202326057 -1.79428 -0.935000185091 0.129770204023 0.330052038363 0.877685
-0.406501872111 -0.2650644732 -0.874355221301 4.630693 -0.034757792917 -0.951812241155 0.304705355087 -1.803164 -0.91298856718 0.154253955003 0.377700401859 0.791048
-0.423660762598 -0.259562996124 -0.867835588852 4.631712 -0.0408383365789 -0.951617871749 0.304558133095 -1.806768 -0.904899877611 0.164470292795 0.392563032248 0.764021
-0.436664691374 -0.255882468382 -0.862466294809 4.633934 -0.0450560325271 -0.951272519396 0.305041878724 -1.809455 -0.898495354045 0.172060327262 0.403858072276 0.73636
-0.445592853747 -0.250366969963 -0.859513460651 4.634655 -0.0511471116076 -0.951409442205 0.303651191761 -1.812238 -0.893773450973 0.179266431981 0.411135701079 0.71486
-0.452357161303 -0.246473067046 -0.857102109342 4.635776 -0.0504084912569 -0.952450011462 0.30049618912 -1.814168 -0.890411131235 0.179136827278 0.418423248023 0.698114
-0.459000911815 -0.246784264666 -0.853472723446 4.63687 -0.0429727383296 -0.953355110074 0.298776468043 -1.814995 -0.887395913171 0.173814731277 0.426985869179 0.688179
-0.465722370954 -0.24661911522 -0.849871569827 4.637736 -0.0365856606553 -0.954194804028 0.296940676567 -1.81545 -0.884174282948 0.169385028778 0.435367143224 0.685514
-0.472842491922 -0.245282744664 -0.846319297312 4.637897 -0.031845990612 -0.955090031102 0.294599499952 -1.815064 -0.880571297917 0.166251038073 0.443795878332 0.691191
-0.469616930802 -0.245706002123 -0.847990860107 4.635914 -0.0287915645017 -0.955720100771 0.292865386818 -1.811737 -0.882400693629 0.161949527641 0.441748080221 0.75248
-0.460727329171 -0.255041988687 -0.850108176741 4.633818 -0.0226496697545 -0.954132762412 0.298525818234 -1.808754 -0.88725268138 0.156793672382 0.433818422483 0.781874
-0.449255925336 -0.269181014464 -0.851886550547 4.631163 -0.0104964773192 -0.95187372949 0.306310670839 -1.804926 -0.89334144509 0.146553691724 0.424809460732 0.813834
-0.435867550383 -0.280644877521 -0.855136206253 4.628493 -0.00342392558245 -0.949615980962 0.31339713693 -1.801687 -0.900004308466 0.139527565104 0.412945884251 0.84708
-0.422607835346 -0.289459926056 -0.858845485935 4.625753 0.00217712793126 -0.94794755786 0.318419044123 -1.799112 -0.906310033939 0.132696566474 0.401240256739 0.881327
-0.411503388996 -0.29272430343 -0.863120758078 4.622998 -0.00489986619551 -0.94629460399 0.323268485581 -1.79758 -0.911395058224 0.137255253598 0.387969126612 0.915244
-0.405192057248 -0.297112525592 -0.864606004998 4.62046 -0.00729134531886 -0.944638515153 0.32803187646 -1.795582 -0.914202512043 0.139220051813 0.380593673288 0.949483
-0.399710268253 -0.300677939055 -0.865924060422 4.618431 -0.0157015372513 -0.942285831141 0.33444113706 -1.7941 -0.916507044807 0.147275895501 0.371920216476 0.98258
-0.374615421631 -0.303148281745 -0.876221664393 4.621799 -0.0324275410605 -0.940177204672 0.339139025175 -1.796206 -0.926613047856 0.155460422907 0.342374526582 1.058924
-0.364028281075 -0.305567876842 -0.879836168397 4.622616 -0.0267758013238 -0.940826799125 0.337828344744 -1.79548 -0.931002936108 0.146537390078 0.334305737713 1.068315
-0.355240734474 -0.310809303175 -0.881590379729 4.623306 -0.0168004096103 -0.94082931495 0.338464099083 -1.79436 -0.934623863812 0.135047314639 0.328999173254 1.068581
-0.34900423195 -0.315120064164 -0.882550503508 4.623789 -0.00615054006757 -0.94097725201 0.338413921193 -1.793614 -0.937100964111 0.123536052881 0.32646688454 1.060354
-0.347831386011 -0.318496132573 -0.8818013044 4.624184 0.00297546479056 -0.940901031841 0.338668562003 -1.793525 -0.937552384411 0.115175786586 0.328222584033 1.043863
-0.349825381257 -0.319413370743 -0.880680022039 4.624229 0.00803475310284 -0.941067392445 0.338123654333 -1.794212 -0.936780468077 0.111208189749 0.331775666923 1.020683
-0.352786736095 -0.322945720862 -0.878207025827 4.624419 0.0163275527536 -0.940534166917 0.339306486651 -1.794742 -0.935561291341 0.105363856419 0.337080892226 0.992567
-0.356001990756 -0.325460364483 -0.875978386564 4.624871 0.0197225881198 -0.939799398127 0.341157017805 -1.795572 -0.934277047826 0.104176016579 0.340989377363 0.961268
-0.37506333389 -0.333827748048 -0.864804330588 4.627184 0.019002814213 -0.935480054191 0.352868192479 -1.798257 -0.926804396096 0.11591420467 0.357207934587 0.860584
-0.386814822136 -0.32380272046 -0.863438527979 4.628895 0.0066221844243 -0.937275684442 0.348526093754 -1.800633 -0.922133634594 0.129097209794 0.364696408502 0.826059
-0.400775738142 -0.314251901591 -0.860595462493 4.631419 -0.004834781443 -0.938595506827 0.344985651082 -1.802784 -0.916163431166 0.142422669933 0.374646967803 0.793104
-0.415223843788 -0.304848212686 -0.857121185581 4.634129 -0.0153238579088 -0.939704595238 0.341643751689 -1.805038 -0.909590203844 0.154993035041 0.385516303365 0.762187
-0.42890403163 -0.296278520345 -0.853381725861 4.637223 -0.02525082297 -0.940384301255 0.339175119801 -1.805265 -0.90299708061 0.167022167197 0.395853341623 0.73251
-0.441798411478 -0.291719013509 -0.848359700111 4.639052 -0.0332557431778 -0.939678455987 0.340438621338 -1.806301 -0.8964977519 0.178618074422 0.405447116562 0.709878
-0.455078465437 -0.287538703435 -0.842748529706 4.640755 -0.0365475691826 -0.939599555118 0.340318896345 -1.806875 -0.889700997798 0.185672211301 0.417082683012 0.694019
-0.46629372832 -0.284917353652 -0.837491648028 4.642515 -0.0366246937011 -0.939684695104 0.34007544104 -1.8072 -0.883871478633 0.189247920399 0.427734069118 0.686739
-0.477715162563 -0.27340138565 -0.834889157782 4.645099 -0.0383495381376 -0.942945912019 0.330729980394 -1.805807 -0.877677353235 0.190012339945 0.439974742782 0.720157
-0.472441262009 -0.271166993614 -0.838610586342 4.645029 -0.0378808332703 -0.944367169286 0.32670428838 -1.805111 -0.880547725238 0.186115854106 0.435885985584 0.746887
-0.465856112579 -0.273818028019 -0.841428410445 4.644357 -0.0296351992055 -0.945554957424 0.32411044022 -1.803665 -0.884364086415 0.175924728288 0.432377904888 0.779092
-0.458114590926 -0.280726637627 -0.843400009786 4.643172 -0.0202185961012 -0.94528412892 0.325621135653 -1.801891 -0.888663170134 0.166224157506 0.427372553528 0.814366
-0.450448609634 -0.288294024397 -0.844974914169 4.641219 -0.0126695121472 -0.944270579761 0.328926368143 -1.800086 -0.892712458488 0.158869845141 0.421692825128 0.851183
-0.444477559294 -0.292957800032 -0.846531409154 4.638955 -0.00920380532797 -0.943467622917 0.331336889697 -1.799044 -0.895742702595 0.15506312233 0.416653859746 0.886822
-0.439993824066 -0.29262195422 -0.848986352477 4.636454 -0.0101736741825 -0.943733241178 0.330551154662 -1.798673 -0.897943166986 0.154077777125 0.412259757264 0.920787
-0.435043290715 -0.292559507059 -0.851555206686 4.63426 -0.0124224226665 -0.943701917208 0.330563722862 -1.798717 -0.90032384097 0.154387908486 0.406916889664 0.95242
-0.392393210254 -0.3063105516 -0.867295459763 4.630243 -0.02514648521 -0.938994948523 0.34301040936 -1.800023 -0.91945376329 0.156404388131 0.360752608508 1.034793
-0.37147920497 -0.307599605826 -0.876005526678 4.627991 -0.0358261765895 -0.938071000735 0.344585668088 -1.800473 -0.927749796737 0.159390338718 0.337453751761 1.053203
-0.353612703201 -0.312319467191 -0.881711180914 4.626264 -0.0374071670015 -0.937135788099 0.346954202339 -1.800529 -0.934643654016 0.155669730768 0.319700132829 1.064615
-0.340865122079 -0.316418899342 -0.885262700383 4.6253 -0.0341629577689 -0.93686538103 0.348017456665 -1.800353 -0.939491277696 0.148870205099 0.308534926981 1.067683
-0.336156450109 -0.320495712536 -0.88559660077 4.625174 -0.0239702908287 -0.937101188126 0.34823381279 -1.800089 -0.941501070742 0.138289050393 0.307330233354 1.061938
-0.338421829432 -0.323293883607 -0.883714733489 4.62534 -0.0139340693653 -0.937303794102 0.348234747367 -1.799776 -0.940891336486 0.130163982671 0.312699265334 1.048277
-0.34537889473 -0.322384820947 -0.88135205582 4.625575 -0.00897351745264 -0.937966423419 0.34660996022 -1.800157 -0.938420425534 0.127620593018 0.321060880797 1.027695
-0.354004323902 -0.321262134655 -0.878334548732 4.625819 -0.00680169433292 -0.938241161508 0.345915104911 -1.80109 -0.935219052208 0.128429605964 0.329956301196 1.00209
-0.383341343501 -0.329836696232 -0.862703406845 4.62618 0.00364906205241 -0.934592813086 0.355700657962 -1.80238 -0.923599533731 0.133206709843 0.359471659167 0.91293
-0.395123988871 -0.328923132518 -0.857721753434 4.626264 0.00523960477323 -0.934490649861 0.355949114151 -1.802812 -0.918612856409 0.136149910825 0.370963100351 0.882035
-0.407047983721 -0.327658338337 -0.852614773662 4.625654 0.00333467892691 -0.93397162434 0.35733161747 -1.801612 -0.913400689109 0.142607917892 0.381263901896 0.850895
-0.416694052748 -0.3203489676 -0.850730630318 4.625319 -0.0130941524656 -0.933636848346 0.357981533856 -1.802367 -0.908952479273 0.160308372732 0.384846223908 0.821745
-0.423918510507 -0.309721845917 -0.851096630596 4.62516 -0.0318956656393 -0.934022922952 0.355786236262 -1.80349 -0.905138532471 0.177970664891 0.386070821839 0.79536
-0.428839304328 -0.299125130112 -0.852420675253 4.625533 -0.0504817328427 -0.934180265 0.353212155982 -1.804603 -0.901969204415 0.194502928049 0.385512860055 0.772075
-0.43118259522 -0.292538814086 -0.853523644565 4.625906 -0.0611845958415 -0.934321437528 0.351140850099 -1.805338 -0.900187766419 0.203628322267 0.384964273095 0.752092
-0.431883229685 -0.292840118881 -0.853065965029 4.626279 -0.064056316946 -0.93347594674 0.352873128926 -1.805585 -0.899651968361 0.207044250421 0.384394347241 0.736454
-0.450563474923 -0.295816667541 -0.84230935782 4.626216 -0.041736692918 -0.935494180281 0.350868475535 -1.80592 -0.891768245415 0.193243726587 0.409153099224 0.718216
-0.461623721566 -0.293712082474 -0.837040472317 4.625747 -0.0342985740486 -0.936979896005 0.347695674837 -1.805865 -0.886412515427 0.189213866012 0.422458241017 0.725444
-0.469641575098 -0.290778283355 -0.833597493319 4.625038 -0.0310870752063 -0.938172091081 0.344770534227 -1.806422 -0.882309687522 0.187832684708 0.431565172206 0.739837
-0.472140986719 -0.28562336739 -0.833967733585 4.624268 -0.0327787013702 -0.939710576349 0.340396224177 -1.807927 -0.88091341538 0.18805138845 0.434313515684 0.760333
-0.467801339316 -0.281721749983 -0.837731915663 4.623387 -0.0349659913706 -0.941197761464 0.336041892125 -1.809705 -0.883141713646 0.186492974136 0.430442893095 0.785906
-0.458142922778 -0.28157793884 -0.843100780849 4.622137 -0.0371954139247 -0.941595617012 0.334685218088 -1.811185 -0.888099973816 0.184693146549 0.420911960065 0.814845
-0.444854163988 -0.282918538469 -0.849742239372 4.62043 -0.0392519474858 -0.941722739741 0.334092152067 -1.811956 -0.894742453112 0.181976322759 0.407824178481 0.846423
-0.429605042801 -0.28557987911 -0.856670088102 4.618621 -0.0424727759918 -0.941235451423 0.335069975205 -1.812061 -0.902017500107 0.18033290779 0.392230126161 0.879411
-0.364433774992 -0.295296206699 -0.883169391427 4.614886 -0.0525650765065 -0.940355576203 0.336107576583 -1.81169 -0.929744554368 0.168912819566 0.327175064773 0.981173
-0.337581622976 -0.302645406573 -0.891316108745 4.614596 -0.0543192016723 -0.939061454447 0.339430418646 -1.811787 -0.939727658505 0.163001051079 0.300570432991 1.013177
-0.313061368975 -0.310186765033 -0.897650683759 4.615098 -0.0522521739924 -0.938104224016 0.342388923881 -1.812599 -0.948294410807 0.154092944944 0.277476259795 1.047561
-0.293067314667 -0.316262865681 -0.90226900028 4.615947 -0.0481703028656 -0.937622659405 0.344301278667 -1.812812 -0.95487756859 0.144366022185 0.259552076938 1.073037
-0.2805718851 -0.320090999703 -0.904887379291 4.617286 -0.0437634155608 -0.937508391286 0.345199623012 -1.813203 -0.958834803681 0.13645427138 0.249030221203 1.091581
-0.275556335182 -0.324007637678 -0.905034671638 4.618377 -0.0390043469305 -0.93694043181 0.347305756014 -1.813419 -0.960493293606 0.131002587631 0.245542165365 1.102873
-0.278701507472 -0.327965038667 -0.902643009802 4.61946 -0.0316487906947 -0.936236321209 0.349942716592 -1.813667 -0.959856147441 0.126097122332 0.250550777207 1.105571
-0.286980327616 -0.333348477685 -0.898065189163 4.619956 -0.0247555393762 -0.934605858817 0.354822564016 -1.813809 -0.957616548954 0.12405918382 0.25996127419 1.100383
-0.320281890208 -0.336767383011 -0.885441833519 4.619562 -0.0111116832004 -0.933278756153 0.35898091009 -1.8133 -0.947257114675 0.124813833579 0.295170231639 1.04451
-0.330388997187 -0.337085974575 -0.881598636729 4.619586 -0.00849976479145 -0.932949889616 0.359905900846 -1.812449 -0.943806582164 0.126402330715 0.305371226958 1.016785
-0.341327362822 -0.337901660655 -0.877107803588 4.619816 -0.00674705972632 -0.932243690973 0.361768127156 -1.810968 -0.939920267136 0.129399259533 0.315920437862 0.988197
-0.353287021933 -0.34069892914 -0.871270635231 4.620909 -0.00218187179258 -0.931024687738 0.364949681816 -1.809021 -0.935512436887 0.130832987067 0.328175577894 0.960622
-0.365197212312 -0.341061589005 -0.866203202849 4.62273 7.32610978743e-05 -0.930481171172 0.36633971219 -1.807152 -0.930930175015 0.133722782653 0.339834116367 0.935445
-0.375628038959 -0.335933408707 -0.863743203309 4.62584 0.000545567227078 -0.932072533482 0.362271299835 -1.80617 -0.926770348417 0.135608027944 0.350295852178 0.913359
-0.384772930024 -0.328914201916 -0.862418251255 4.627129 -0.00173166510795 -0.934094017147 0.357022924287 -1.803074 -0.923009638983 0.138866176258 0.358844522649 0.89271
-0.39404658142 -0.316570150604 -0.862850294905 4.630472 -0.00969554712999 -0.93732487205 0.348321806095 -1.803449 -0.919039328885 0.145620822626 0.366280340696 0.874397
-0.434787892932 -0.285263200379 -0.854157125282 4.639941 -0.0364485847151 -0.942150151091 0.333203531601 -1.806586 -0.899794970442 0.176005679763 0.399238039093 0.829457
-0.446679770912 -0.283540983745 -0.848576273999 4.64295 -0.0384552100458 -0.941493390972 0.334830392253 -1.807477 -0.893867092513 0.182194141762 0.409642424108 0.819523
-0.455759896427 -0.280321109628 -0.844809441416 4.64599 -0.0384284992441 -0.942032796889 0.333312856085 -1.808673 -0.889272830606 0.184375391748 0.418568450392 0.812211
-0.462163791342 -0.27457324203 -0.843216558621 4.649672 -0.0430363774364 -0.942794013179 0.330586325988 -1.810237 -0.885749682579 0.189074015862 0.423908617908 0.807279
-0.466695992935 -0.264568306121 -0.843918515956 4.654062 -0.0482684485604 -0.945166418002 0.323002475462 -1.812556 -0.883099658618 0.191478598483 0.428335078264 0.804173
-0.470854864168 -0.251389554109 -0.845635257646 4.658804 -0.0539616055991 -0.948539563668 0.31202698806 -1.815558 -0.880558823708 0.192551261333 0.433059083439 0.80244
-0.474675586605 -0.241972860642 -0.846245958451 4.662936 -0.0577406970375 -0.950835319206 0.304266671945 -1.817468 -0.878264823039 0.193290792496 0.437366631271 0.802548
-0.480276652542 -0.236968638198 -0.844499971305 4.666735 -0.05933356529 -0.951830422638 0.300829477562 -1.818985 -0.875107916233 0.194588568654 0.443081735006 0.803765
-0.510599812385 -0.237881962279 -0.82625662092 4.676685 -0.0497722221756 -0.951177529223 0.304604717299 -1.822789 -0.858376699062 0.196655739615 0.473831154088 0.811489
-0.533088253255 -0.2365590107 -0.812315670597 4.680907 -0.0431284358205 -0.951270053988 0.305328057029 -1.824171 -0.844959674934 0.197800704857 0.496908471344 0.812745
-0.56433686487 -0.231036768453 -0.792556568689 4.685389 -0.0395596529842 -0.951369811089 0.305500436012 -1.825371 -0.824596226528 0.203758421103 0.527753322136 0.812511
-0.604065973738 -0.220695236914 -0.765766225278 4.690263 -0.0400300538237 -0.951274367978 0.305736277893 -1.826812 -0.795928322252 0.215338545627 0.565798035172 0.810647
-0.649787916156 -0.206934668837 -0.731405295887 4.695347 -0.0435081425746 -0.95052602499 0.307583025126 -1.82841 -0.75886936 0.231685818835 0.608636981955 0.807821
-0.696203283688 -0.193310449844 -0.691326303393 4.700674 -0.0453212345721 -0.94930027751 0.311086754484 -1.829744 -0.716412572111 0.247911381546 0.652144902166 0.80428
-0.736787334188 -0.183319106204 -0.650798378517 4.705422 -0.0441987685323 -0.947424397668 0.316912416235 -1.830383 -0.674678362659 0.262261541222 0.68994781756 0.801288
-0.766477680324 -0.176090532261 -0.617660173569 4.708933 -0.045049740737 -0.944573288467 0.325195054659 -1.830605 -0.640689071566 0.277080181831 0.716061510215 0.799045
-0.784789628095 -0.173631642959 -0.594943099966 4.710397 -0.0491519766038 -0.939493034913 0.339023480818 -1.831175 -0.617810102564 0.295304740757 0.728770051015 0.801795
-0.77560095521 -0.178335556411 -0.605507710601 4.709718 -0.0500540733897 -0.938863692822 0.340631114312 -1.83149 -0.629235844509 0.294501945019 0.719257155936 0.80469
-0.764917172641 -0.182739182608 -0.617663427878 4.709648 -0.0500247618164 -0.939163592102 0.339807696317 -1.832034 -0.642183184304 0.290823208171 0.709240875434 0.807273
-0.755655338921 -0.185865743702 -0.628043735801 4.710013 -0.0506860155411 -0.939419825204 0.339000471743 -1.832753 -0.653005311302 0.288000550923 0.70045681243 0.809247
-0.750406507962 -0.185310885678 -0.6344682407 4.711315 -0.0534113921817 -0.939755686722 0.337648445072 -1.834023 -0.658815069646 0.287261422616 0.69530107082 0.810403
-0.748977924504 -0.184642113224 -0.636348456925 4.713029 -0.0541134391249 -0.940134703925 0.336479530108 -1.835488 -0.66038155964 0.286450743584 0.694148519546 0.811072
-0.74987290343 -0.183008648364 -0.635766044489 4.715379 -0.0582810818485 -0.938969078461 0.339028590523 -1.838091 -0.659009821019 0.291281486397 0.693441527083 0.811265
-0.753090604517 -0.180837568506 -0.632575936315 4.717961 -0.0611017742384 -0.938103536083 0.340922760715 -1.841476 -0.655073365794 0.29539724001 0.695427462803 0.811325
-0.744820231061 -0.190168714866 -0.639592591646 4.724852 -0.0614540150707 -0.934904650778 0.349537834842 -1.854292 -0.664429249381 0.299648383678 0.684649266943 0.813279
-0.737066224169 -0.199562334719 -0.64568433135 4.726888 -0.0576300776662 -0.93336821295 0.354263395233 -1.85835 -0.67335886074 0.29832642125 0.67645339163 0.815606
-0.731229605755 -0.206534885305 -0.650112763157 4.728853 -0.057060900612 -0.931200144532 0.360014366999 -1.86224 -0.67974062501 0.300349183411 0.669136048001 0.818404
-0.729379214856 -0.210137666909 -0.651036190915 4.731188 -0.0569325771281 -0.929708391803 0.363869465431 -1.865591 -0.681736490587 0.302463993159 0.666146297929 0.821091
-0.731607168222 -0.211214322205 -0.648181657795 4.734126 -0.0557454017311 -0.929075392675 0.365665646339 -1.868862 -0.679443449885 0.303656754942 0.667943989857 0.822925
-0.736559193767 -0.207375407811 -0.643798100582 4.737168 -0.0542656249584 -0.930652052099 0.361859088419 -1.8724 -0.674192699475 0.301466744699 0.674226969066 0.823933
-0.74219418334 -0.203756354143 -0.638459977103 4.740004 -0.0519541615428 -0.932302708527 0.357927960311 -1.875939 -0.668168062178 0.298822702987 0.681363656842 0.82397
-0.746149389371 -0.203159614657 -0.634024652291 4.742212 -0.0470643995414 -0.933828011474 0.354612728596 -1.878846 -0.664112965569 0.29443406046 0.687213615264 0.824121
-0.737245943071 -0.204850775761 -0.643820300313 4.742862 -0.043685240701 -0.936478653829 0.347993291125 -1.886539 -0.674210663791 0.284682086886 0.681466132861 0.826252
-0.733278410645 -0.200734425366 -0.649621784544 4.742464 -0.0491323113109 -0.937285478204 0.345082523946 -1.88855 -0.678151007127 0.284958984453 0.677428659501 0.826907
-0.730157316092 -0.196568724496 -0.654393635596 4.741739 -0.0532562084577 -0.938439642761 0.341313365042 -1.890381 -0.681200462433 0.284062974436 0.674740065904 0.827601
-0.728422628424 -0.1929106535 -0.657408513913 4.741576 -0.0571480939581 -0.939089229196 0.338888646853 -1.892422 -0.682740484925 0.284423802406 0.673029368504 0.827317
-0.728555938962 -0.190102664199 -0.658078430635 4.741238 -0.0572348379073 -0.940463481533 0.335041211245 -1.893742 -0.682590958871 0.281761276557 0.674299759677 0.826631
-0.728953939826 -0.189186949233 -0.657901551794 4.740284 -0.0569390094197 -0.940967370165 0.333674028792 -1.894511 -0.682190664564 0.28069326056 0.675149754245 0.825893
-0.729212700433 -0.188347433753 -0.657855669372 4.73959 -0.0560082112604 -0.941719951102 0.331702598674 -1.894877 -0.681991142023 0.278727067029 0.676165145735 0.82508
-0.728831949661 -0.186579317322 -0.658780803835 4.738684 -0.0577927850757 -0.94195813712 0.330718705106 -1.895289 -0.682249208975 0.27911113604 0.67574624719 0.824404
-0.728186447413 -0.185277056373 -0.659861281017 4.737248 -0.0585339662855 -0.942439123784 0.329214630222 -1.893592 -0.682875005103 0.278353929994 0.67542639648 0.822996
-0.727955059743 -0.186052167782 -0.659898493602 4.737541 -0.0581115679419 -0.942271342509 0.329769256841 -1.890584 -0.683157724589 0.278404935211 0.675119408242 0.822595
-0.728639025303 -0.186522171721 -0.659010356718 4.738301 -0.0583425899828 -0.941801377584 0.33106843307 -1.885534 -0.682408464924 0.279677751417 0.675351051204 0.822109
-0.730865644845 -0.186558899509 -0.656529653709 4.73953 -0.057276448979 -0.941760269819 0.331371396749 -1.87802 -0.680113826927 0.279791656782 0.677614795601 0.821698
-0.734194085323 -0.188138648518 -0.652351817665 4.74138 -0.056114774361 -0.940736488361 0.334463737295 -1.867927 -0.676616713638 0.282167872729 0.680125807792 0.821015
-0.737198218923 -0.189835194516 -0.648460781343 4.743321 -0.055010943868 -0.939671741699 0.337625256618 -1.855412 -0.673433428092 0.284569177485 0.682281321123 0.820627
-0.737796214837 -0.193395115273 -0.646726429614 4.745099 -0.0544441175282 -0.937909643126 0.342580413039 -1.840456 -0.672824333269 0.28796498176 0.681456958172 0.820367
-0.735611920673 -0.199507231883 -0.647357680568 4.74657 -0.0534736276665 -0.935561649309 0.349091637663 -1.823081 -0.675289325628 0.29141253365 0.677541926322 0.820568
-0.723966490576 -0.221656560771 -0.653254077362 4.751038 -0.0523324212845 -0.926595079281 0.372401499373 -1.759941 -0.687847249181 0.303792574169 0.659223963213 0.821148
-0.723917655644 -0.227467553256 -0.651307715341 4.753022 -0.0527467587254 -0.923066798388 0.381005859742 -1.736213 -0.687866998256 0.310171239689 0.656226176543 0.820662
-0.727003560411 -0.233252461693 -0.645801139874 4.755027 -0.0515452660495 -0.919338726462 0.390076135614 -1.711273 -0.684696216359 0.316874730993 0.656339467167 0.820099
-0.731683142522 -0.239403140125 -0.63822089863 4.757398 -0.0476833336558 -0.916025173479 0.398276513548 -1.685491 -0.679975057367 0.321844711081 0.658824637752 0.819815
-0.735651882033 -0.244840179398 -0.631561236155 4.759706 -0.0419294178053 -0.914138387663 0.403228139051 -1.659178 -0.676060820033 0.323116534322 0.662221619146 0.820056
-0.736919327731 -0.24844949486 -0.62866744223 4.762057 -0.0401798837624 -0.91226467348 0.407625738223 -1.63315 -0.674785507667 0.325647069731 0.662282798069 0.820487
-0.734310502099 -0.253004110786 -0.629902378494 4.764162 -0.0398224302991 -0.910291803176 0.412047336012 -1.607141 -0.677644641794 0.327654929759 0.65836159248 0.8211
-0.729223049854 -0.259945873365 -0.632978582957 4.766416 -0.0391699023516 -0.907659694425 0.417875098404 -1.581264 -0.683154054596 0.329517863001 0.651704316122 0.821536
-0.722122516386 -0.278530858976 -0.63321373321 4.773971 -0.0327849608484 -0.900551021147 0.433512404268 -1.509746 -0.690987856384 0.333808955706 0.641176546218 0.818784
-0.726517393673 -0.277936536995 -0.628429596768 4.776544 -0.0381919802975 -0.896800972234 0.440782700252 -1.490883 -0.686085890637 0.344237269342 0.640926558246 0.816423
-0.732973319833 -0.283111304135 -0.618545149431 4.779644 -0.0319658380465 -0.893942006248 0.447041244925 -1.472533 -0.67950592169 0.347441619466 0.64618574996 0.814019
-0.737617132102 -0.289757482731 -0.609886520289 4.782544 -0.0255309408578 -0.89062776742 0.454015804747 -1.455914 -0.674736346648 0.350460812506 0.64954451842 0.812014
-0.737114174216 -0.296791038369 -0.607106064632 4.784546 -0.0207160194595 -0.888047464423 0.459284821728 -1.441223 -0.67545062048 0.351122173147 0.648444044477 0.810648
-0.732350497243 -0.300430974847 -0.611067900106 4.784935 -0.0212159707287 -0.886901493731 0.461471150782 -1.428915 -0.680597261068 0.35092302542 0.643148815171 0.80957
-0.725102925882 -0.301319148134 -0.619219280906 4.785136 -0.0291580021726 -0.884950708119 0.464770970597 -1.419726 -0.688022934056 0.355061987783 0.632894483342 0.807312
-0.717719728328 -0.301662442868 -0.627597133623 4.78535 -0.0353454823545 -0.884345566244 0.46549287464 -1.412262 -0.695434460209 0.356276142938 0.624049855001 0.80498
-0.703183147644 -0.29959408982 -0.644807600928 4.787398 -0.0482426929362 -0.884697210145 0.463663120098 -1.401056 -0.709370216071 0.357147347332 0.607650943261 0.798142
-0.706110593159 -0.295162454206 -0.643651268822 4.78769 -0.0553925049425 -0.883171382732 0.465768160268 -1.400734 -0.705931654358 0.364537288011 0.607266881218 0.795217
-0.713849791317 -0.294589423957 -0.635323182899 4.788342 -0.0536814934429 -0.881529147881 0.469067861506 -1.400713 -0.698238335168 0.368949092326 0.613465398025 0.792663
-0.722566569355 -0.297610617696 -0.623959512377 4.788806 -0.0462422675536 -0.879757276021 0.473168878922 -1.40138 -0.689753003286 0.370749316282 0.621921006989 0.791356
-0.728343997286 -0.30031171434 -0.61589601058 4.788752 -0.0426337422281 -0.877237462069 0.478159805051 -1.404105 -0.683884044003 0.374522775506 0.626127227475 0.79142
-0.729955606504 -0.302274576417 -0.613021119526 4.787962 -0.0409675245571 -0.875930517575 0.480694695532 -1.408406 -0.682265691988 0.375999745789 0.62700695108 0.792843
-0.728167061967 -0.301914419642 -0.61532139007 4.786408 -0.0427654333829 -0.875992978219 0.480424208194 -1.414899 -0.684064213049 0.376143570095 0.624957732253 0.794669
-0.726588679234 -0.301549804892 -0.617362621462 4.784648 -0.0417330064242 -0.87751174477 0.477735799335 -1.423486 -0.685804088194 0.372881821709 0.625005519699 0.796479
-0.7241738817 -0.296519339211 -0.622614222884 4.77561 -0.0387083216817 -0.883939000516 0.46599732746 -1.464729 -0.688530213496 0.361563445111 0.628647771222 0.801089
-0.724464624811 -0.293311340544 -0.623794409165 4.771403 -0.0406507071565 -0.885197707166 0.463435582616 -1.483455 -0.688112292729 0.361100369337 0.629371111396 0.802309
-0.725872627513 -0.290208029763 -0.623609034642 4.76677 -0.0415788645991 -0.886462446132 0.460928985437 -1.504327 -0.686571283004 0.36050468937 0.631392304591 0.803729
-0.727549792111 -0.283337616427 -0.624812848073 4.76186 -0.0466543351817 -0.888191322075 0.457099057536 -1.527464 -0.684466707012 0.361712552324 0.632984483604 0.805512
-0.729051217786 -0.274078033904 -0.627188610528 4.756529 -0.0534375511077 -0.890738312561 0.451364250543 -1.55234 -0.682369950962 0.362583079952 0.634747792557 0.807542
-0.72923839039 -0.26457706869 -0.631039099189 4.750532 -0.0608484645779 -0.893493646271 0.444934341709 -1.578492 -0.681548849562 0.362860963451 0.635470760038 0.809506
-0.729470503298 -0.257631218571 -0.633639440089 4.74424 -0.0644479337445 -0.896348464545 0.438640962455 -1.605037 -0.680969344871 0.360812396302 0.637255965857 0.810892
-0.729111202328 -0.253186856142 -0.635840601501 4.737582 -0.0634378437423 -0.900053257239 0.431137766977 -1.631864 -0.681448820251 0.354683732373 0.640177284327 0.811758
-0.717971109507 -0.233000247334 -0.655917960309 4.71292 -0.0776918338146 -0.909599843374 0.408156959872 -1.716478 -0.691723546565 0.344004374501 0.63496419226 0.812381
-0.712404024237 -0.224098919072 -0.665026451144 4.7038 -0.085545875194 -0.912843355868 0.399247931597 -1.745061 -0.696536007316 0.341316102929 0.631142542057 0.811817
-0.70796758918 -0.215907749085 -0.672432700391 4.69502 -0.0903133895149 -0.916629620362 0.389401631673 -1.772876 -0.700446560663 0.336413410791 0.629444701857 0.810777
-0.705527304742 -0.210236419367 -0.67678051851 4.686985 -0.0925059201275 -0.919492570077 0.382068146165 -1.799443 -0.702619297347 0.332165713981 0.629279001279 0.809586
-0.706144492313 -0.204570678374 -0.677872254578 4.679724 -0.0931566011422 -0.922192214766 0.375344330834 -1.824838 -0.70191296016 0.328195607184 0.63214384422 0.807667
-0.709278014717 -0.195882248862 -0.677166775928 4.67306 -0.0948583403624 -0.925358819422 0.36703262877 -1.849278 -0.698517425053 0.324563090783 0.637755601307 0.805537
-0.714478430462 -0.186252758888 -0.674411211511 4.667322 -0.096791754342 -0.92833546516 0.358921468316 -1.87267 -0.692929959445 0.321719091651 0.645247934806 0.802826
-0.719787612303 -0.176838330653 -0.671292781122 4.662079 -0.0977951416487 -0.931535465044 0.350253890249 -1.893745 -0.6872713463 0.31775758398 0.653213758565 0.800153
-0.727138921354 -0.159442636523 -0.667717780736 4.650816 -0.101094920604 -0.937179371283 0.333878185974 -1.937345 -0.679005748194 0.310278700042 0.66534075647 0.795288
-0.725758539939 -0.157048297298 -0.669783826336 4.649093 -0.100846862425 -0.938789911619 0.329398561292 -1.944252 -0.680517782313 0.30660941629 0.665496967535 0.795341
-0.722648711495 -0.155105782815 -0.673588179759 4.648447 -0.100418794579 -0.940601191809 0.324323085305 -1.947749 -0.683882230702 0.302012572758 0.664148703549 0.796042
-0.719041736668 -0.155938265018 -0.677246069338 4.648841 -0.0988355923062 -0.941650784128 0.321753518155 -1.948333 -0.687902977624 0.298290224873 0.661673964368 0.797136
-0.716150052851 -0.157757361313 -0.679883605298 4.649598 -0.0959351337138 -0.942624172454 0.319775107888 -1.946379 -0.691321598043 0.294231684999 0.65992587737 0.798312
-0.715153714877 -0.161353133811 -0.680088472412 4.650947 -0.0930066920832 -0.942370942937 0.321382577522 -1.942041 -0.692751701063 0.293090723355 0.658933159401 0.799205
-0.716557796497 -0.165712208274 -0.677557664194 4.652815 -0.0886576470786 -0.941854896605 0.32411290526 -1.934675 -0.691870469014 0.292316297477 0.660201814853 0.799693
-0.718448618443 -0.16840452882 -0.67488628474 4.655139 -0.0887800064241 -0.940113350625 0.329097247688 -1.924196 -0.689891073371 0.296355871629 0.660472182786 0.799645
-0.722722536033 -0.184449827437 -0.6660708649 4.665895 -0.0831952922116 -0.933504868534 0.348779591974 -1.870754 -0.686112730726 0.307484831467 0.659319648694 0.797185
-0.722733241924 -0.191879133457 -0.663957121478 4.670666 -0.0796460999959 -0.931163387899 0.355796632632 -1.847132 -0.686522512211 0.310027649058 0.657700309447 0.796074
-0.722821321674 -0.197445064498 -0.662227138857 4.675746 -0.0778735870056 -0.928933844056 0.361963558683 -1.821655 -0.686633119927 0.3132049806 0.656077433499 0.795008
-0.72422735479 -0.202354658233 -0.659202041005 4.681173 -0.0774737951485 -0.926042363234 0.369382393411 -1.794689 -0.685195263877 0.318587717572 0.654988027809 0.794112
-0.72585803967 -0.208223801268 -0.655570709255 4.686674 -0.0763903927579 -0.922781150368 0.377676391135 -1.7659 -0.683589507044 0.324218748859 0.653901818889 0.793503
-0.727376462824 -0.214299174748 -0.651919738182 4.692536 -0.0754988752035 -0.919232759932 0.38640788412 -1.736293 -0.682072870867 0.330283206914 0.652448926781 0.793065
-0.728605270039 -0.220923043467 -0.64832659157 4.698494 -0.0743381607392 -0.915455805855 0.395492737461 -1.70601 -0.680887801572 0.336353499152 0.650582911917 0.792747
-0.729678799171 -0.227036564854 -0.64499864206 4.70479 -0.0728648903194 -0.91208255764 0.4034800067 -1.675562 -0.679896725834 0.341408562088 0.648984311007 0.792162
-0.734177004499 -0.241306893987 -0.634629899217 4.725336 -0.0695589165805 -0.903060788581 0.423842859148 -1.587627 -0.675385581123 0.355319848927 0.646221418532 0.788184
-0.737538888971 -0.248315620348 -0.62799342349 4.732741 -0.0655025768867 -0.899250337077 0.432502304836 -1.560489 -0.672120375883 0.360122456893 0.6469667815 0.786192
-0.741010433614 -0.255519518219 -0.620977707397 4.740222 -0.0608396308041 -0.895419761153 0.441046472223 -1.535425 -0.668731692533 0.364600092082 0.647969672327 0.783723
-0.743828545283 -0.262608789178 -0.614618352369 4.747159 -0.0555264853667 -0.892118511489 0.448376371904 -1.512231 -0.666059985771 0.367642741401 0.649001471531 0.780961
-0.746717626659 -0.266230410049 -0.609536016001 4.753607 -0.0545797390812 -0.888785000621 0.455062934937 -1.491924 -0.662898060126 0.37307183147 0.649140639958 0.777813
-0.749015704869 -0.266646926285 -0.606526908358 4.759567 -0.0550049386873 -0.887254079656 0.457989797762 -1.474502 -0.660265045705 0.3764035266 0.64990034204 0.774812
-0.750986805786 -0.265928259563 -0.604401338765 4.764825 -0.0542458882087 -0.887379676383 0.457836972682 -1.460431 -0.658085253708 0.376615813141 0.651984914047 0.772486
-0.751381929603 -0.266157295097 -0.603809150421 4.768884 -0.0555357286624 -0.886292548109 0.459783973197 -1.449979 -0.657526409133 0.379006350123 0.651162965669 0.770432
-0.749065283224 -0.27363154786 -0.603346482119 4.774597 -0.0545945263594 -0.882123545966 0.467843443199 -1.435083 -0.660242863771 0.383384696706 0.645829339045 0.76563
-0.74883753316 -0.275968565491 -0.602564270258 4.774379 -0.0536926352525 -0.88093295951 0.470185305777 -1.434393 -0.660575090244 0.384445668085 0.644858184751 0.764625
-0.749273624658 -0.275432848125 -0.602267201137 4.773644 -0.0540727357201 -0.880931395317 0.470144675601 -1.435721 -0.660049372883 0.384833240401 0.645165252039 0.764
-0.750235897842 -0.274206970555 -0.601628319553 4.772273 -0.0548241479014 -0.881010869281 0.469908673058 -1.438684 -0.65889332247 0.385526115208 0.645932817014 0.764016
-0.751652565346 -0.272468879741 -0.600648924566 4.770588 -0.0544050008884 -0.881965515643 0.468163353004 -1.443747 -0.657311582803 0.384574490561 0.648107972735 0.764642
-0.753113810137 -0.270373898266 -0.59976457391 4.768089 -0.054266464809 -0.883011746679 0.466203181053 -1.451508 -0.65564833545 0.383651157124 0.650336105301 0.765506
