-0.391037383697 -0.708039650518 0.588021783479 4.460879 -0.0140334116009 0.643406363134 0.765396181881 -1.680561 -0.920267802278 0.291046568737 -0.261532152739 0.579477
-0.391084956102 -0.708023651772 0.588009409485 4.461333 -0.0140758306807 0.643421019515 0.765383082278 -1.680664 -0.920246938654 0.291053088247 -0.261598302212 0.579255
-0.391234902392 -0.70799732517 0.587941356517 4.46158 -0.0141219796934 0.64340814227 0.765393057292 -1.680775 -0.920182493226 0.291145582163 -0.261722045588 0.579116
-0.391279528576 -0.707992242026 0.587917779752 4.461627 -0.014220531344 0.64342755939 0.76537490964 -1.680793 -0.920162000414 0.291115030613 -0.26182805798 0.579075
-0.391306992602 -0.707940901174 0.587961323547 4.461584 -0.0142620647214 0.643496221233 0.765316409577 -1.6808 -0.920149678613 0.29108812017 -0.261901270033 0.579083
-0.391377953229 -0.707884962267 0.587981443519 4.46156 -0.0143826030778 0.643577942938 0.765245432585 -1.680798 -0.920117622076 0.291043487404 -0.262063446487 0.579043
-0.39144682448 -0.70789013807 0.587929363127 4.461529 -0.0144220568061 0.643555330755 0.765263706531 -1.680763 -0.920087706625 0.291080897139 -0.262126922385 0.579028
-0.391471410473 -0.707883607525 0.587920856051 4.461476 -0.0145293251632 0.643587640486 0.765234505053 -1.680734 -0.920075558578 0.291025337748 -0.262231232496 0.579007
-0.391479592689 -0.707854369902 0.587950609761 4.461402 -0.014613891873 0.643649071703 0.765181224718 -1.680712 -0.920070737863 0.290960587548 -0.262319983649 0.579005
-0.391584791855 -0.70778939986 0.587958770862 4.461323 -0.014674681159 0.64370955063 0.765129183969 -1.680709 -0.920025002117 0.29098484475 -0.262453454169 0.579012
-0.391613982704 -0.707763569405 0.587970423044 4.461299 -0.0146947431752 0.64373749472 0.76510528845 -1.680711 -0.920012257024 0.290985854836 -0.262497008004 0.579039
-0.391594166675 -0.707790927822 0.587950687659 4.461242 -0.0146776402301 0.643704639512 0.765133258948 -1.680726 -0.920020964709 0.290991992266 -0.262459682491 0.579131
-0.391576236551 -0.707793311683 0.587959759596 4.461344 -0.0148000507887 0.643747626137 0.765094734225 -1.68078 -0.920026635193 0.29089108233 -0.262551649693 0.57911
-0.391592807864 -0.707784976826 0.587958756554 4.461347 -0.0149637581349 0.643803406684 0.765044612741 -1.680769 -0.920016933959 0.290787895418 -0.262699906941 0.579135
-0.391621584288 -0.707719937123 0.5880178784 4.461349 -0.0149647807341 0.643876517453 0.764983062303 -1.680774 -0.920004668498 0.290784320194 -0.262746815531 0.579161
-0.391676715631 -0.70765368722 0.588060889191 4.461341 -0.0150831877926 0.643977453354 0.764895768728 -1.680765 -0.919979264918 0.29072202967 -0.262904647327 0.579192
-0.391836627516 -0.707600810379 0.588017984833 4.461309 -0.0151952159224 0.644015899718 0.76486118108 -1.680743 -0.919909323113 0.290765565467 -0.263101165313 0.579133
-0.391888172026 -0.707557616138 0.588035611568 4.461317 -0.0151989117168 0.644052058216 0.764830660598 -1.680735 -0.919887304896 0.290790588145 -0.263150489526 0.579108
-0.391919239218 -0.707558658292 0.588013652058 4.461307 -0.0153340371103 0.644080641319 0.764803893024 -1.680739 -0.919871826526 0.290724736743 -0.263277325665 0.579074
-0.391821730648 -0.707628720413 0.587994324326 4.461316 -0.0152148875702 0.643991937071 0.764880966023 -1.680808 -0.919915343164 0.29075071631 -0.263096526729 0.578935
-0.391845464001 -0.707669167103 0.587929827679 4.461348 -0.0153192472609 0.643962543617 0.764903629931 -1.680839 -0.919903502007 0.290717375384 -0.263174760653 0.578916
-0.391787360088 -0.707650212446 0.587991361587 4.46136 -0.0152447423118 0.643987544811 0.764884069621 -1.68086 -0.919929487682 0.290708133621 -0.263094125247 0.57895
-0.391861956425 -0.707537505176 0.58807727883 4.461426 -0.0154923406804 0.644181704891 0.76471558011 -1.680905 -0.919893577805 0.290552249781 -0.263391715246 0.578915
-0.391901973691 -0.707468802412 0.588133264347 4.461511 -0.0152482359953 0.64417747384 0.764724050554 -1.681056 -0.919880608729 0.29072886993 -0.263242074664 0.578952
-0.391862083656 -0.70752067806 0.58809743879 4.461612 -0.0150634437381 0.644067998469 0.764819917374 -1.681076 -0.91990064684 0.290845153762 -0.263043525823 0.579015
-0.39195796994 -0.707541580277 0.588008385978 4.461677 -0.0148128772329 0.64392209861 0.764947651535 -1.681086 -0.919863864095 0.291117232573 -0.262871125137 0.579146
-0.392035257911 -0.707586672172 0.587902592203 4.461693 -0.0156687593452 0.644102285153 0.764778880619 -1.680982 -0.91981674617 0.290608581473 -0.263597810763 0.579117
-0.392135802403 -0.707584656783 0.58783795893 4.461702 -0.0158484340714 0.644120348067 0.764759965181 -1.680878 -0.919770808197 0.290573451455 -0.263796758316 0.579189
-0.392176885973 -0.707317428753 0.588132081331 4.461684 -0.016696287093 0.644718488336 0.764237727932 -1.680804 -0.919738291095 0.289896750205 -0.264653263941 0.579192
-0.392008671824 -0.707327353973 0.588232280256 4.461802 -0.0160426004208 0.644568382136 0.764378332845 -1.68081 -0.919821632811 0.290206159603 -0.264023765488 0.579192
-0.391988563939 -0.707678428327 0.587823279414 4.461702 -0.017159347534 0.644472189356 0.764435186225 -1.680843 -0.919810046984 0.289563186932 -0.264769028098 0.579122
-0.392050772974 -0.707366077387 0.588157652311 4.461859 -0.0162724978836 0.644573322374 0.76436930727 -1.680887 -0.919799650589 0.2901007836 -0.264216082272 0.578984
-0.392060858529 -0.707708214995 0.587739198657 4.461919 -0.0163794529545 0.644158022543 0.764717042777 -1.680868 -0.919793453298 0.290188773769 -0.26414102076 0.578901
-0.392093899148 -0.708623747029 0.586612955362 4.461976 -0.0180851013489 0.643489131271 0.765241574305 -1.680669 -0.919747412804 0.289437597909 -0.265123694822 0.578501
-0.390526108448 -0.710664546618 0.585188226813 4.46218 -0.0170741807764 0.641147281486 0.767227890391 -1.680145 -0.920433501656 0.289630912755 -0.262518767721 0.578401
-0.393173546919 -0.711852924445 0.581962177433 4.462067 -0.0173625430341 0.638571308205 0.769366769777 -1.679294 -0.919300334005 0.292390318405 -0.263428923242 0.577727
-0.402289811802 -0.710134895804 0.577816006253 4.461343 -0.0152831253405 0.636260646758 0.771322769965 -1.678433 -0.915384800726 0.30146445752 -0.266814256463 0.581194
-0.395315794013 -0.71820636722 0.572629930311 4.46034 -0.023054807811 0.630971261642 0.775463566403 -1.676586 -0.91825590052 0.293351122491 -0.26599101506 0.595509
-0.385726631443 -0.725250232783 0.570286827521 4.460498 -0.0273116738966 0.62682628641 0.778680216221 -1.675119 -0.922208782362 0.284782208913 -0.261591389808 0.607516
-0.375635988755 -0.732445734391 0.567821142723 4.461316 -0.0317088277136 0.622488753986 0.781986126095 -1.67367 -0.926224678033 0.275737188882 -0.257054174194 0.622812
-0.368954856981 -0.743622452539 0.55758224648 4.46337 -0.041680784073 0.612541478591 0.789338741761 -1.671287 -0.928512264727 0.267989897358 -0.256994920505 0.660607
-0.372692846666 -0.747964421741 0.549226060793 4.464461 -0.050206777544 0.607253619532 0.792920122745 -1.669939 -0.926595554453 0.267940787069 -0.263871963445 0.681612
-0.379095730069 -0.750341767669 0.541547467111 4.46556 -0.0592030021794 0.603698341188 0.795011520281 -1.668772 -0.923461657015 0.269324236819 -0.273281948701 0.70351
-0.38208690117 -0.758551450033 0.527834536202 4.4684 -0.0760813501302 0.595052790461 0.800077374212 -1.665247 -0.920989266016 0.265540720449 -0.285073495201 0.748558
-0.366372746377 -0.769351454596 0.523325281276 4.472317 -0.0693580988145 0.583448449848 0.809183143978 -1.658567 -0.927879552981 0.260165804211 -0.267120365151 0.796106
-0.35634631659 -0.77688171492 0.519107025262 4.47388 -0.070145127548 0.576254160746 0.81425475332 -1.655047 -0.93171721232 0.253743853613 -0.259840514584 0.82124
-0.34671830981 -0.785308130138 0.512910863972 4.475356 -0.0784179170587 0.569185931939 0.81846075359 -1.651965 -0.934685532105 0.243553927541 -0.258929412105 0.846717
-0.32805009815 -0.798436741298 0.50485830017 4.478931 -0.104406794895 0.561804398991 0.820655249453 -1.647794 -0.938872917004 0.216505398133 -0.267662209315 0.89914
-0.319884738846 -0.801675076937 0.504966162106 4.481562 -0.110252845832 0.560846009141 0.820546198588 -1.647428 -0.941019693651 0.206806250025 -0.267793037832 0.92372
-0.314544320353 -0.803460369457 0.505483239332 4.484094 -0.114031879051 0.560638659718 0.820171338069 -1.647802 -0.942368612112 0.200339032496 -0.267965801857 0.944987
-0.309922795404 -0.80460634349 0.506514059928 4.488509 -0.112901521681 0.560121379556 0.820680989524 -1.649142 -0.944034484164 0.19716153829 -0.264435664251 0.97525
-0.305133370828 -0.801942385858 0.513597153197 4.492379 -0.106169313728 0.56460205283 0.818506321761 -1.654145 -0.946372919535 0.195225335715 -0.257420600312 0.984346
-0.300895192877 -0.797550338917 0.522853267941 4.49504 -0.0961941077134 0.570847617507 0.815401552137 -1.657083 -0.948793326571 0.195055003728 -0.248484947182 0.979072
-0.297917103522 -0.794934213899 0.528512057575 4.497168 -0.0915439592184 0.574892181156 0.813092051109 -1.658891 -0.950192140022 0.193851942518 -0.244041638706 0.967867
-0.301133862559 -0.791756646854 0.531450664674 4.50088 -0.0857690233962 0.577550287393 0.81183701576 -1.662579 -0.949716837508 0.198889611832 -0.241828143233 0.932829
-0.309822750927 -0.788539498496 0.531239420901 4.50272 -0.0800596831216 0.578383969233 0.811826601728 -1.665636 -0.947417706266 0.208991491324 -0.242326734819 0.911633
-0.323532084568 -0.783524457945 0.530486959365 4.503997 -0.0727948530737 0.579588686062 0.811651319444 -1.669368 -0.943412899859 0.223978523057 -0.244552083589 0.889094
-0.357595617986 -0.770090959449 0.528285233725 4.506037 -0.0576715576189 0.582821245259 0.810551286173 -1.678132 -0.932094075423 0.259382555792 -0.252826668514 0.842332
-0.381090507035 -0.760396642023 0.525896351241 4.507392 -0.0473476401093 0.584126015067 0.81028081521 -1.687326 -0.92332455097 0.283890375536 -0.258607865801 0.796994
-0.386873864066 -0.758135234137 0.5249376916 4.50755 -0.0434748459798 0.583627542984 0.810856848548 -1.68981 -0.921107241894 0.290877736911 -0.258750055266 0.765642
-0.389377818493 -0.75732169807 0.524260202664 4.507108 -0.0409350870015 0.582846996916 0.811550181343 -1.694 -0.92016804613 0.294539002201 -0.257948721773 0.743341
-0.38860227152 -0.753256797789 0.530652872558 4.50584 -0.0238656331427 0.583951965007 0.811437326057 -1.703666 -0.921096469499 0.302662021319 -0.244902010459 0.701886
-0.390193178781 -0.750612322943 0.533226428339 4.504626 -0.0124498429609 0.583380793524 0.812103350047 -1.707706 -0.920648838941 0.310238602358 -0.23697621181 0.68579
-0.394652234467 -0.747439534684 0.534400370341 4.503325 -0.000736270563442 0.581866327898 0.813284104335 -1.710788 -0.918830273628 0.32057092577 -0.230185164193 0.674253
-0.410274042566 -0.742996457358 0.528801923549 4.501202 0.0132751606282 0.574923495221 0.818099471185 -1.714343 -0.911865659024 0.34266490774 -0.226012789233 0.670442
-0.421567505478 -0.744850377169 0.517183481906 4.500903 0.00762040581251 0.567410810982 0.823399599828 -1.715263 -0.906765001387 0.351059663323 -0.233525898023 0.695007
-0.421134928721 -0.748017371631 0.512947739588 4.502084 0.00227442606766 0.564671784263 0.825312427535 -1.714972 -0.906995148166 0.348734552053 -0.236101701407 0.715841
-0.417771271199 -0.753330613721 0.507897776518 4.503431 -0.00618011614472 0.561362110845 0.827547211144 -1.71411 -0.908531216373 0.342586583129 -0.239176633339 0.74023
-0.40198437073 -0.765346392868 0.502646460857 4.507455 -0.0221343778444 0.556914390995 0.830274912556 -1.710595 -0.915378957048 0.32263177157 -0.240811347256 0.794698
-0.389525575286 -0.771600328331 0.502894382069 4.509739 -0.0266616404069 0.555239434136 0.831263091753 -1.708519 -0.920629666657 0.310390244852 -0.236852090495 0.823417
-0.37484059336 -0.778108038449 0.504026199786 4.512067 -0.0297230722476 0.553472160553 0.832337135102 -1.70578 -0.926612685293 0.297012538446 -0.230591594513 0.852114
-0.348258297855 -0.783787828406 0.514191402123 4.516583 -0.0324226200232 0.5582735672 0.82902315883 -1.699192 -0.936837729645 0.272042761726 -0.21983585719 0.906547
-0.331694932329 -0.776290726417 0.536051471359 4.519958 -0.0221152087384 0.57446259298 0.818232025045 -1.691767 -0.943127451308 0.259548525993 -0.20771416236 0.964734
-0.326156610525 -0.769077189266 0.549674578602 4.521018 -0.0133619350036 0.585164539758 0.810804489444 -1.688119 -0.945221309591 0.257104528083 -0.201131642302 0.985082
-0.323065522264 -0.763143969685 0.559678434334 4.521726 -0.00695500483174 0.593289399886 0.804959201383 -1.684701 -0.946351042812 0.256161998581 -0.196979019824 1.001727
-0.319492469121 -0.767793270568 0.555353991474 4.522276 -0.0133775395522 0.589666855505 0.80753578308 -1.678346 -0.947494381836 0.250572331253 -0.198665304469 1.024542
-0.316702663633 -0.77331871506 0.54925184368 4.52219 -0.0175776196912 0.583744443762 0.811747159936 -1.676559 -0.948361982649 0.247427947725 -0.198466522494 1.029183
-0.312740808041 -0.775918824647 0.547853232668 4.522177 -0.0161289314324 0.581040674213 0.813714687394 -1.67553 -0.94970155552 0.245645501626 -0.194229871478 1.028412
-0.30585560617 -0.776212202892 0.55131385277 4.522287 -0.00413881112081 0.580142324031 0.814504606562 -1.673453 -0.952068914741 0.246839016263 -0.180652377879 1.009141
-0.30754843964 -0.777885688487 0.548003478932 4.522315 0.00380700842864 0.574906232306 0.818210444044 -1.672154 -0.951524809956 0.253725599226 -0.173850097312 0.972267
-0.314665700443 -0.778088286172 0.543658087301 4.522821 0.00522811091148 0.571323048896 0.820708621044 -1.671551 -0.949188160388 0.261091157879 -0.175707835501 0.948243
-0.327318355531 -0.776832722743 0.537953171761 4.522252 0.00683033824037 0.567354319632 0.823445458106 -1.671687 -0.944889433009 0.273203215338 -0.180399452653 0.923057
-0.364610177157 -0.772965661305 0.519214315247 4.519053 -9.42920817574e-05 0.557629956172 0.830089647622 -1.672714 -0.931160249271 0.302610175677 -0.203390441649 0.871445
-0.385026729404 -0.771746191507 0.506124721327 4.516789 -0.00954069756051 0.551702733197 0.833986252448 -1.673611 -0.922856106191 0.316278216254 -0.219783295973 0.846482
-0.402412977427 -0.769339279946 0.496166169675 4.514783 -0.0171190604538 0.548215916002 0.836161615485 -1.674766 -0.915298166374 0.327988386644 -0.233779564674 0.82305
-0.421751493522 -0.764489866849 0.487525303135 4.512136 -0.026292604865 0.54777060167 0.836215323272 -1.677469 -0.906330169773 0.339856751339 -0.251123499354 0.781494
-0.422948155896 -0.759977637022 0.493506685517 4.511944 -0.0281989996743 0.555391786669 0.831110570091 -1.678811 -0.905715006965 0.337600288102 -0.256332541111 0.737845
-0.418287852902 -0.758304856594 0.5000090165 4.511465 -0.0290459944666 0.5613654183 0.82705815838 -1.679132 -0.907849988886 0.331425122167 -0.256838054183 0.722575
-0.412192643216 -0.756095944577 0.508346483683 4.511056 -0.0263347902433 0.567604261958 0.822880234682 -1.679377 -0.910716039005 0.325797980965 -0.253873929142 0.709643
-0.401935341025 -0.749223386762 0.526414568913 4.512011 -0.0135765830107 0.579709738245 0.814709945795 -1.682665 -0.91556739677 0.320313808807 -0.243177724841 0.690847
-0.401433996122 -0.745756428844 0.53169361064 4.514493 -0.0078472109004 0.583301781228 0.812217614496 -1.687361 -0.915854337785 0.32187945081 -0.240009272961 0.685367
-0.403021594632 -0.74249091774 0.535052176272 4.519361 -0.0034984903589 0.58588041149 0.810389970322 -1.693847 -0.915183781995 0.324732783232 -0.238720055019 0.682442
-0.411030961792 -0.732754474247 0.542332397077 4.53538 -0.00609836977063 0.597106510372 0.802138781732 -1.711994 -0.911600986361 0.32639653145 -0.249897870985 0.683063
-0.413747037109 -0.723222116301 0.55295855159 4.557355 -0.0125286597617 0.611850963806 0.790873839986 -1.736153 -0.910305675017 0.320293878466 -0.262212527254 0.691717
-0.410214540591 -0.719293691121 0.560660874862 4.568519 -0.013675339647 0.619549493022 0.784838461584 -1.749872 -0.911886514745 0.314284921067 -0.263984796186 0.698868
-0.403953371614 -0.71745208102 0.567524611803 4.580763 -0.0162196870208 0.625914782119 0.779722775913 -1.764695 -0.914635771941 0.305766572674 -0.264477234787 0.705613
-0.387676512612 -0.713434195226 0.583711033519 4.60573 -0.022386766368 0.640332862362 0.767771227691 -1.798127 -0.921523604831 0.284579469501 -0.264213495639 0.719545
-0.379378802629 -0.711527375803 0.59143936088 4.619075 -0.028567944276 0.647930387843 0.761163638825 -1.816388 -0.924800300971 0.271873143198 -0.26613792915 0.725629
-0.371074691481 -0.709049258981 0.599627152221 4.633764 -0.0337373486625 0.655598139478 0.754355931122 -1.836179 -0.927989959346 0.259692564106 -0.267197319411 0.730663
-0.353429790083 -0.704112134034 0.615884312342 4.667257 -0.0405933706241 0.669298783045 0.741883627853 -1.880304 -0.934579885159 0.237202954705 -0.265132413212 0.73855
-0.340883879166 -0.69578230609 0.632206582896 4.704229 -0.039917746345 0.682590835926 0.72970975342 -1.930586 -0.939257554908 0.223510029397 -0.260458273639 0.744496
-0.336866689494 -0.688984834087 0.641732601562 4.723877 -0.0333652262998 0.689875817286 0.723158432432 -1.957699 -0.94096099557 0.222196433638 -0.255384317638 0.746777
-0.334398648822 -0.682721856833 0.649667922764 4.74354 -0.026896522769 0.695985587339 0.717551837347 -1.985061 -0.942047833567 0.222474556791 -0.251099483973 0.748385
-0.338940073828 -0.672945556689 0.657467796995 4.781371 -0.0236715060591 0.704711871475 0.709098609506 -2.039399 -0.940510120176 0.224778682117 -0.254784728568 0.75046
-0.346006787708 -0.664928316509 0.661928724837 4.799921 -0.0235395713638 0.71143665693 0.702355872587 -2.065869 -0.937936667073 0.227438380845 -0.26181403988 0.751103
-0.35456006162 -0.653880701538 0.668376533744 4.818164 -0.0241834132258 0.720989539089 0.692523824175 -2.091213 -0.934720452985 0.229377663867 -0.271447162612 0.751946
-0.369319599379 -0.627675834955 0.685292696392 4.853396 -0.0265463136206 0.744251751591 0.667371428432 -2.138453 -0.928923208208 0.228281353745 -0.291529238301 0.75475
-0.371063292083 -0.603748358126 0.70554939822 4.885301 -0.0281357052107 0.766753680798 0.641324547382 -2.177805 -0.928181240578 0.218120867965 -0.30150103084 0.759476
-0.366482773279 -0.590466771731 0.719054496107 4.899335 -0.0242268933559 0.778617783655 0.627030624942 -2.193166 -0.930109366971 0.212375465765 -0.299655180187 0.762297
-0.359902822802 -0.57765221379 0.732658090819 4.911255 -0.017723538688 0.78937115182 0.613660379078 -2.204684 -0.93282143753 0.207872808654 -0.294334947138 0.764946
-0.346544859312 -0.556683926342 0.754989845387 4.926785 -0.00297007231334 0.805511707307 0.59257241588 -2.215522 -0.938028698471 0.203110550057 -0.2807993328 0.768981
-0.342520262793 -0.550470681999 0.761355303282 4.929913 0.00152990193225 0.810046625473 0.586363474271 -2.214656 -0.939509195791 0.202006170249 -0.276615216872 0.770184
-0.340723004343 -0.546825008799 0.764781173973 4.930213 0.00411493688037 0.812580142689 0.582834950051 -2.2091 -0.940154722163 0.201732301475 -0.27461459709 0.770602
-0.340957941571 -0.546721249119 0.764750650762 4.921389 0.0055906832584 0.812302913465 0.583208985731 -2.185515 -0.940061926864 0.203125213941 -0.273904583973 0.76992
-0.340884656213 -0.55670344031 0.757547972544 4.902789 0.00788806196636 0.804089863854 0.594455439311 -2.147893 -0.940072034281 0.208616323413 -0.26971058557 0.76763
-0.342789790594 -0.56370869868 0.751483640871 4.891469 0.00631927846747 0.798549175715 0.601896403615 -2.125316 -0.939390880403 0.211072776545 -0.270172272481 0.766759
-0.347049196639 -0.572710844731 0.742670279087 4.878657 -0.000559877442329 0.792014967661 0.610501414854 -2.101502 -0.937846758085 0.211458221235 -0.275188806135 0.766726
-0.353434552664 -0.592652199238 0.72377302224 4.848744 -0.0178594277813 0.777842652418 0.62820526018 -2.050031 -0.935288756386 0.209103273092 -0.285500899052 0.76893
-0.352470901319 -0.599474295502 0.718606173614 4.832644 -0.0207247478391 0.772699004671 0.634434183354 -2.02395 -0.93559326021 0.20872665669 -0.284777868235 0.77077
-0.349424077268 -0.606057931272 0.714560423035 4.816028 -0.0209572116891 0.76749784345 0.640708869596 -1.997417 -0.936730275748 0.208903911506 -0.280883510114 0.772282
-0.344690105278 -0.624233118583 0.701086118097 4.781648 -0.0262700032316 0.752978092526 0.657521010392 -1.944433 -0.938348878751 0.208223451706 -0.275942704027 0.772324
-0.346547860729 -0.644094642561 0.681943305304 4.752262 -0.032549943913 0.7348127016 0.677488593793 -1.892053 -0.937467376166 0.212585006507 -0.275613014266 0.768589
-0.347524779935 -0.655393145616 0.670586573092 4.741953 -0.0364147217865 0.724055857502 0.688779415527 -1.865422 -0.936963443987 0.214948691312 -0.275493311597 0.765695
-0.347383875811 -0.664247370484 0.661891134275 4.734935 -0.038257003449 0.715300882642 0.697768621377 -1.839429 -0.936942284516 0.217071596706 -0.273896106927 0.762362
-0.342048092971 -0.671542322061 0.657292942132 4.730117 -0.0350465671266 0.708114278645 0.705227556546 -1.791017 -0.93902866848 0.218185879609 -0.265744391684 0.755406
-0.341663314682 -0.671012128324 0.658034119969 4.731565 -0.0319008733593 0.708045279093 0.705446112069 -1.768115 -0.939280849203 0.220033193851 -0.263318969928 0.752157
-0.344159179248 -0.667865296311 0.659932121753 4.734785 -0.0313944434326 0.710662092589 0.702832682136 -1.74636 -0.938386300124 0.221168117367 -0.265548141774 0.749186
-0.352039642195 -0.659599922725 0.664075321228 4.745719 -0.039874579406 0.719418272656 0.693431587748 -1.705407 -0.935135342205 0.21763568391 -0.279565020789 0.743982
-0.352913291744 -0.651738945486 0.671333416007 4.760447 -0.0427470228278 0.727981942198 0.684262364794 -1.670328 -0.934679036113 0.212787778717 -0.284774403132 0.742005
-0.351289081985 -0.646399163448 0.677321269688 4.767582 -0.0412529166489 0.733411007865 0.678532600845 -1.656707 -0.935357780609 0.210419616565 -0.284305130482 0.742595
-0.350198813485 -0.644538544735 0.679654953182 4.772807 -0.046321921859 0.736632816572 0.674704656204 -1.646472 -0.935529299696 0.204797846423 -0.287824202442 0.744195
-0.348830341456 -0.645095315186 0.67983044004 4.776116 -0.0651501670514 0.740332384938 0.669076539378 -1.63582 -0.934918632082 0.189103130956 -0.300278466177 0.751503
-0.349760315749 -0.646606007331 0.6779147386 4.773264 -0.0742010394869 0.740465906019 0.667985364931 -1.635233 -0.933896100895 0.183332793866 -0.306964426973 0.758098
-0.351688800619 -0.646667769667 0.676857284214 4.766835 -0.0784996636058 0.740873703532 0.6670411968 -1.637533 -0.932819805929 0.181457849346 -0.311320186589 0.765652
-0.353189828981 -0.635717706309 0.686381776119 4.744503 -0.0566531308799 0.746852042307 0.662572599541 -1.646663 -0.933834764541 0.195128226524 -0.299795943515 0.779516
-0.355516692091 -0.621884383269 0.697759052604 4.711462 -0.022416603924 0.751988299386 0.658795183236 -1.658512 -0.934401079576 0.218571295993 -0.281284928595 0.785131
-0.358741665337 -0.61664605317 0.700751070396 4.692557 -0.0104670612917 0.753331723431 0.65755741582 -1.665182 -0.933378196756 0.228558438002 -0.276705949048 0.784521
-0.365066367183 -0.613604690474 0.700154148299 4.673084 -0.00296043352152 0.752821543821 0.658218017828 -1.672146 -0.930976789928 0.238220500772 -0.276646362034 0.781573
-0.389558642885 -0.607065146449 0.692615312941 4.635064 0.00591021609576 0.750360722659 0.661002159782 -1.686508 -0.920982699674 0.261592610479 -0.288721618594 0.767984
-0.407847579424 -0.603997783312 0.684724053697 4.61821 0.00519591968978 0.748382999425 0.6632464765 -1.692358 -0.91303524268 0.274061241195 -0.302087870823 0.757902
-0.426448449553 -0.601201842144 0.675794395417 4.60311 0.00397615207078 0.745883895275 0.66606411477 -1.69778 -0.904503128844 0.286729070331 -0.315690560737 0.746603
-0.450837211529 -0.5940029376 0.66626295021 4.578812 0.0107029083606 0.742773226312 0.669457528173 -1.706353 -0.892542019433 0.308947316539 -0.328512251142 0.722653
-0.450707907391 -0.595669150054 0.664861373438 4.560201 0.0127581662774 0.740425152453 0.67201772507 -1.710164 -0.892580310901 0.31136611455 -0.326115824979 0.699214
-0.44185643118 -0.598645444508 0.668121640119 4.552996 0.0123636919573 0.74063443298 0.671794444607 -1.710615 -0.897000576001 0.305097145929 -0.319852619498 0.688098
-0.430432652852 -0.603632444262 0.671085392177 4.546709 0.00889952190578 0.740609577887 0.671876664018 -1.710224 -0.90257882197 0.295169994031 -0.313410505177 0.677388
-0.413936303268 -0.608735857717 0.676828924003 4.538431 0.00767808594827 0.741156954185 0.671287878827 -1.708273 -0.91027346651 0.283067173641 -0.302117843522 0.659409
-0.411647236503 -0.609514088316 0.677524264379 4.537375 0.00702775521728 0.741289598843 0.671148524027 -1.706235 -0.911316170896 0.281037909883 -0.300866298998 0.652244
-0.412773633207 -0.608100564483 0.67810886383 4.538365 0.00829524120836 0.741951880581 0.670401816731 -1.703086 -0.910795869942 0.282349270191 -0.30121383255 0.645948
-0.420168485098 -0.603325921687 0.677832041402 4.543913 0.00688368380036 0.744826108201 0.667223113688 -1.695065 -0.907420001448 0.285012106343 -0.308799352671 0.634652
-0.422673320345 -0.594657981492 0.683907266606 4.553315 0.00469466991355 0.753182782975 0.657794538975 -1.68561 -0.906269951142 0.281242920762 -0.315558544772 0.624084
-0.421930352897 -0.591444340032 0.687145086534 4.558803 0.00283774957459 0.757047484603 0.653353696885 -1.680939 -0.90662380538 0.27761970157 -0.317742941414 0.618761
-0.421423739872 -0.588394231405 0.690068300911 4.56398 0.000257317893514 0.760861643605 0.648914087594 -1.677081 -0.906863807449 0.273645368571 -0.320493755009 0.613392
-0.420314973126 -0.580836846878 0.697111096364 4.575408 0.00162299941313 0.767787073156 0.640703032744 -1.670029 -0.907376817667 0.27042848889 -0.321769705159 0.604107
-0.420684001533 -0.579999232857 0.697585737196 4.580564 -0.00189941729427 0.769499001284 0.638645190413 -1.667053 -0.907205248589 0.267342807849 -0.324817579609 0.600349
-0.420585934759 -0.580341495643 0.697360179475 4.585273 -0.00648125323764 0.770552757467 0.637343268041 -1.664952 -0.907229554655 0.26353784623 -0.327844991978 0.597077
-0.425327007872 -0.574363032486 0.699431228419 4.592975 -0.00592426437393 0.774568576881 0.632462190807 -1.662954 -0.905020353067 0.2648596357 -0.332847613648 0.591261
-0.438715763161 -0.567638482271 0.696645557367 4.598353 -0.0067186854144 0.777284536333 0.629113351348 -1.661767 -0.898600766982 0.271321401706 -0.344820762942 0.585123
-0.443684074253 -0.565129988151 0.695537589743 4.60058 -0.00652964913484 0.778128824325 0.62807077343 -1.661315 -0.896159475727 0.274123383254 -0.348933467609 0.581993
-0.445824042572 -0.564691713862 0.694524435394 4.602562 -0.00685683212771 0.778032067033 0.628187142914 -1.660801 -0.895094356433 0.275298694084 -0.350737397661 0.579077
-0.442743638095 -0.569392897743 0.69265416979 4.605159 -0.0104985050062 0.775731596561 0.630975650473 -1.659729 -0.896586779023 0.27208862177 -0.349428003434 0.574982
-0.438283685864 -0.571363641518 0.693866701793 4.605955 -0.0116544502725 0.775508330212 0.631229754971 -1.659236 -0.898761138732 0.268571068664 -0.346551578531 0.57347
-0.433694125213 -0.574560175924 0.694110949343 4.606429 -0.0134741396718 0.774376200747 0.63258196882 -1.658672 -0.900959407141 0.264994535714 -0.343584113029 0.571915
-0.421105464818 -0.576872292401 0.699920385301 4.605649 -0.00907063806307 0.774317222474 0.632732615333 -1.658023 -0.906966322983 0.260098437597 -0.33130181366 0.571502
-0.419325139599 -0.577150584595 0.700759323878 4.605257 -0.00275174819401 0.772705178828 0.63475911533 -1.656532 -0.907831953162 0.264242141444 -0.32560288006 0.570777
-0.414191382065 -0.577858605804 0.703224665894 4.604804 -0.0014770166544 0.773038904292 0.634356895503 -1.655952 -0.910188616411 0.261706484728 -0.321039558944 0.570176
-0.407150799101 -0.579824636631 0.70571355205 4.604152 -0.00267707590426 0.7734099676 0.633900508977 -1.655479 -0.913357027704 0.256203850035 -0.316446720904 0.569695
-0.409510655014 -0.578810761663 0.7051802079 4.603909 -0.000812891198407 0.773196320691 0.634166215497 -1.655735 -0.912304972385 0.259124587511 -0.317102641914 0.569177
-0.406365603698 -0.57997040222 0.706046265255 4.603681 -0.00283840592806 0.773521743676 0.633763406574 -1.656024 -0.913706156039 0.255535603409 -0.31597882177 0.569115
-0.406881868363 -0.58000485324 0.705720564683 4.60343 -0.00249157974332 0.773263804508 0.634079553895 -1.656189 -0.913477387365 0.256237114516 -0.316072149859 0.568852
-0.407114898447 -0.580236280335 0.705395859391 4.603262 -0.000573820128273 0.772456675251 0.63506720557 -1.65632 -0.913376773404 0.25814055056 -0.314811572156 0.568711
-0.407575816274 -0.579828980312 0.705464604058 4.603097 -0.0012473973891 0.772896291002 0.634531139783 -1.656326 -0.913170519667 0.257739552543 -0.315737113857 0.568702
-0.407429383269 -0.580061278382 0.705358214647 4.603107 -0.0022562103678 0.773008715975 0.634391389082 -1.656188 -0.913233927953 0.256878255888 -0.316255204682 0.568733
-0.407570493766 -0.579866932758 0.705436483962 4.603122 -0.00158643410493 0.772959147553 0.634453811906 -1.656341 -0.913172369182 0.257465524893 -0.315955262108 0.568725
-0.407464036956 -0.57993351093 0.705443251784 4.603109 -0.00205777845107 0.773059016798 0.634330767104 -1.656377 -0.913218935489 0.257015329208 -0.316187122471 0.568743
-0.407530360642 -0.579717131417 0.705582775227 4.603197 -0.00166517383723 0.773126203771 0.634250029751 -1.656408 -0.913190140306 0.257301225384 -0.316037730445 0.568788
-0.407420761994 -0.579972660423 0.705436060786 4.603086 -0.00240884213143 0.773133502068 0.634238744843 -1.656365 -0.913237384351 0.256702748606 -0.316387703115 0.568693
-0.407463782863 -0.579933635746 0.705443295939 4.603204 -0.00256399653385 0.77320131955 0.634155458361 -1.656283 -0.913217767883 0.256586627821 -0.31653848241 0.568708
-0.407516076483 -0.579767527666 0.70554961645 4.603158 -0.00212161189192 0.773213032525 0.634142811279 -1.656373 -0.913195568414 0.256926487926 -0.316326782981 0.568608
-0.407516900777 -0.579656177359 0.705640624986 4.603235 -0.00191307107889 0.773254207285 0.634093266858 -1.656349 -0.913195661258 0.257053782242 -0.316223081535 0.568646
-0.407510884137 -0.579643188055 0.705654769595 4.603236 -0.00191807999942 0.773268810997 0.6340754426 -1.656326 -0.913198335675 0.257039141923 -0.316227258851 0.568658
-0.407527531323 -0.579636653422 0.705650523434 4.603252 -0.00180850798302 0.773239623918 0.634111357177 -1.656345 -0.91319113033 0.257141661369 -0.316164712571 0.568703
-0.40749673185 -0.579783895623 0.70554733924 4.603225 -0.00233929415981 0.773264433041 0.634079367506 -1.656214 -0.913203669087 0.256734787222 -0.316459014401 0.568769
-0.407545324352 -0.579577499907 0.705688833836 4.6032 -0.00184200054895 0.773297704718 0.63404043003 -1.656336 -0.913183122726 0.25710033349 -0.316221445963 0.568759
-0.407638359818 -0.579555652292 0.705653040453 4.603213 -0.00195507213449 0.773325634232 0.634006026101 -1.656304 -0.91314136107 0.257065573999 -0.31637026625 0.568765
-0.407599621463 -0.579581430181 0.705654245628 4.603215 -0.00207150741696 0.773345040741 0.633981984617 -1.656286 -0.913158396687 0.256949048941 -0.316415753098 0.568726
-0.407634527641 -0.57957176036 0.705642024307 4.603208 -0.00200131363313 0.773325147689 0.634006475279 -1.656281 -0.91314297162 0.257030719068 -0.316393936156 0.568715
-0.407634381588 -0.579573292991 0.705640849866 4.603219 -0.00216710370653 0.773370461398 0.633950655097 -1.65615 -0.913142658411 0.256890886346 -0.316508385202 0.568751
-0.407603237658 -0.579547988009 0.705679622949 4.603139 -0.00203716826196 0.773364508104 0.633958348436 -1.656243 -0.913156859798 0.256965887231 -0.31640651416 0.568681
-0.407636889659 -0.579498694844 0.7057006652 4.603195 -0.00197513580108 0.773382823668 0.633936200965 -1.656266 -0.91314197419 0.257021926555 -0.316403957375 0.568704
-0.407600489559 -0.579517634676 0.70570613715 4.603189 -0.00207947870611 0.773404374676 0.633909574782 -1.656302 -0.913157991084 0.256914352132 -0.316445096326 0.568687
-0.407645838023 -0.579472300653 0.705717169635 4.603169 -0.00209654327325 0.773438435721 0.633867959954 -1.656361 -0.913137708809 0.256914069147 -0.316503848043 0.568692
-0.407663687006 -0.579431393173 0.705740447262 4.603177 -0.00213506297529 0.773481503145 0.633815277347 -1.656414 -0.913129651146 0.256876672545 -0.316557443917 0.56865
-0.407646391145 -0.57940839459 0.7057693193 4.603188 -0.00217586772325 0.773518003264 0.633770592743 -1.656412 -0.91313727631 0.256818634263 -0.316582538541 0.56867
-0.407683161633 -0.579335855291 0.705807627116 4.603213 -0.0020876827791 0.773549045822 0.633732999999 -1.656406 -0.91312106607 0.256888770642 -0.316572390167 0.568674
-0.407701624475 -0.579343763731 0.70579047091 4.603113 -0.00218065042101 0.773563433408 0.633715124688 -1.65638 -0.913112605413 0.256827603502 -0.316646414657 0.568661
-0.407715895866 -0.579298261042 0.705819575396 4.603153 -0.00207764737846 0.773571707864 0.633705370163 -1.656349 -0.913106473331 0.256905308521 -0.316601059402 0.568706
-0.407749783891 -0.579309512567 0.705790763886 4.603124 -0.0022089754181 0.773589990863 0.63368260704 -1.656256 -0.913091032792 0.256824871628 -0.316710832067 0.568718
-0.40775013366 -0.579280917072 0.705814031892 4.603135 -0.00215351431327 0.773599975282 0.633670608929 -1.656348 -0.913091009087 0.256859294867 -0.316682983067 0.5687
-0.407827478621 -0.579143293444 0.705882280087 4.603048 -0.00212114552467 0.773694876168 0.633554843193 -1.656406 -0.913056541745 0.256883795228 -0.316762477775 0.568707
-0.40775255003 -0.579178272556 0.70589686679 4.60305 -0.00235764838175 0.773748899827 0.633488027915 -1.656372 -0.913089425762 0.25664210219 -0.316863585705 0.568723
-0.407784571388 -0.579144894987 0.705905754296 4.603122 -0.002328644439 0.773762622831 0.633471373407 -1.656313 -0.913075199944 0.256676048982 -0.316877082046 0.568786
-0.407887150218 -0.579275237957 0.705739520911 4.603112 -0.00226076251966 0.773600637764 0.633669426597 -1.656275 -0.913029551351 0.256870107138 -0.316851363291 0.568682
-0.407956854388 -0.579248662554 0.705721043959 4.603118 -0.00247582211996 0.773667384579 0.633587127666 -1.656249 -0.912997850634 0.256728971812 -0.317057029207 0.568588
-0.407792220982 -0.579097543181 0.705940181594 4.603182 -0.00237355668676 0.773815807227 0.633406238298 -1.656266 -0.913071667908 0.256622547661 -0.316930587506 0.568548
-0.407989887196 -0.578757124518 0.706105121611 4.603355 -0.00247211126709 0.774099003853 0.63305972933 -1.656386 -0.91298309985 0.256536397131 -0.317255317269 0.568573
-0.40793667234 -0.578869685699 0.706043595212 4.603383 -0.00273383302201 0.774084991299 0.63307578725 -1.656417 -0.913006132245 0.256324624694 -0.317360188521 0.568726
-0.408141245141 -0.579225193332 0.70563368643 4.603316 -0.00297576599242 0.773782437862 0.633444459818 -1.656304 -0.912913943826 0.256435009831 -0.317536166289 0.568823
-0.408070980997 -0.579120114563 0.705760559522 4.603318 -0.00293437393888 0.773882835768 0.633321992318 -1.656293 -0.912945487922 0.256369361299 -0.31749848294 0.568871
-0.408219369852 -0.579119789475 0.705675007008 4.603116 -0.00304793853235 0.773877622452 0.633327826278 -1.656247 -0.91287877407 0.256385832108 -0.317676956902 0.568737
-0.408197682978 -0.578626663648 0.706091945661 4.603133 -0.00295394171746 0.77429895132 0.632813091057 -1.656283 -0.912888780652 0.256227083073 -0.317776267302 0.568751
-0.408336547742 -0.578441002074 0.706163770593 4.602992 -0.00294186209036 0.774426996431 0.632656441244 -1.656304 -0.91282671369 0.256259310698 -0.317928539856 0.568712
-0.408491937192 -0.578918548703 0.705682401097 4.602921 -0.0028598706511 0.7739366281 0.633256596354 -1.656368 -0.912757447731 0.256662053396 -0.317802504643 0.568681
-0.408548568034 -0.57936108368 0.705286326447 4.602917 -0.00286839663966 0.773527335523 0.633756446515 -1.65634 -0.91273207452 0.256897247778 -0.317685322649 0.568702
-0.408510723989 -0.579388181281 0.705285987226 4.602933 -0.00279070640722 0.773490689187 0.633801519167 -1.656314 -0.912749253817 0.256946471337 -0.317596143748 0.568737
-0.4085571331 -0.579224365638 0.705393651265 4.603043 -0.00288321961835 0.773652169559 0.633603983243 -1.656244 -0.912728193954 0.2568296221 -0.317751143466 0.568757
-0.408592685269 -0.578621130329 0.705867979923 4.603201 -0.00268539896123 0.774128947708 0.633022243648 -1.656315 -0.912712882662 0.256752721227 -0.317857254071 0.568675
-0.408561594714 -0.578604716052 0.705899430434 4.603271 -0.00252582499312 0.774106614891 0.633050210482 -1.656363 -0.912727255829 0.256857025104 -0.317731687311 0.568685
-0.408620504182 -0.578670032856 0.705811785561 4.603246 -0.00274883689748 0.774095915645 0.633062364446 -1.656378 -0.91270023965 0.25674210106 -0.317902132874 0.568644
-0.408724601055 -0.578696122139 0.705730117476 4.603203 -0.00268787805857 0.77402908429 0.633144337402 -1.656416 -0.912653809395 0.256884750217 -0.317920193291 0.568594
-0.408679277228 -0.578757149396 0.705706320212 4.603059 -0.00275785835294 0.774005470286 0.633172903861 -1.656331 -0.912673897173 0.256818406641 -0.317916126406 0.568523
-0.408675559577 -0.578849760193 0.705632512098 4.602965 -0.00296844864059 0.773982552539 0.633199965791 -1.656307 -0.91267490122 0.256678716473 -0.318026038546 0.568496
-0.408759552907 -0.578740333337 0.705673617529 4.602936 -0.00288348728727 0.774035640466 0.633135461643 -1.656314 -0.912637558623 0.256765367325 -0.318063252724 0.568564
-0.408806493765 -0.578727939201 0.705656590023 4.602937 -0.00285841462732 0.774027855395 0.633145092801 -1.656425 -0.912616611794 0.256816766314 -0.318081858047 0.568579
-0.408851699382 -0.578634604833 0.705706937759 4.602967 -0.00290138226133 0.774112267833 0.63304168802 -1.656472 -0.912596225005 0.256772644336 -0.318175956394 0.568612
-0.408873985005 -0.578650883026 0.705680678465 4.603025 -0.00296319158155 0.774109431004 0.633044870706 -1.656487 -0.912586041906 0.256744511927 -0.31822786131 0.568666
-0.408997890406 -0.57860906628 0.705643163406 4.603089 -0.00290170961145 0.774098361917 0.633058690928 -1.656421 -0.912530714949 0.256872097543 -0.31828355248 0.568649
-0.409045959416 -0.578508113424 0.705698069849 4.603144 -0.00296204004517 0.774193763041 0.632941737909 -1.656362 -0.912508974972 0.256811954495 -0.318394394776 0.568681
-0.409004223579 -0.578517413675 0.705714635791 4.603135 -0.00299261483328 0.774204559147 0.632928388407 -1.656336 -0.912527582789 0.256758451995 -0.318384214399 0.56868
-0.40905478552 -0.578603691732 0.705614590522 4.603097 -0.00305112598807 0.774130871114 0.633018234349 -1.656285 -0.91250472496 0.256786219067 -0.318427330208 0.568713
-0.409113503218 -0.578602260108 0.705581721761 4.602948 -0.00318845417578 0.774155974099 0.63298685731 -1.656286 -0.912477931374 0.256713755698 -0.318562509393 0.568668
-0.409276599067 -0.578626406333 0.705467325502 4.602931 -0.00324095176715 0.774107904045 0.633045376831 -1.656339 -0.912404604158 0.256804273309 -0.318699550552 0.568621
-0.409234770137 -0.578647340864 0.705474420388 4.603004 -0.00342749382481 0.774152164614 0.632990267152 -1.656341 -0.912422684504 0.256623617258 -0.318793293325 0.5686
-0.409339786694 -0.578535629725 0.705505112787 4.602919 -0.00349129254548 0.774243831998 0.632877791907 -1.65647 -0.912375333898 0.256598935601 -0.31894864217 0.56846
-0.409422288192 -0.578486790868 0.705497287538 4.602838 -0.00355564502021 0.774284926744 0.632827156186 -1.656535 -0.912338066355 0.256585044398 -0.319066400097 0.568426
-0.409405240972 -0.578448046946 0.705538946939 4.602859 -0.00343513087338 0.774290081713 0.632821514518 -1.656543 -0.912346178016 0.256656826025 -0.318985462231 0.568436
-0.409374704879 -0.578598116934 0.705433604307 4.602977 -0.0036527054324 0.774224354137 0.632900708803 -1.656444 -0.912359035001 0.256516799725 -0.31906131497 0.568509
-0.409432543265 -0.578471376377 0.705503975345 4.602974 -0.00364546046498 0.774321422293 0.632781988995 -1.656437 -0.912333109743 0.256509652237 -0.319141183767 0.568505
-0.409453791752 -0.578395205709 0.705554093201 4.602998 -0.00347664558146 0.774336903168 0.632763994968 -1.656448 -0.912324232582 0.256634655503 -0.319066056231 0.568533
