-0.332530977616 0.483491402521 0.809727863306 0.515342 0.0281354727359 0.863291830173 -0.503920242827 1.996723 -0.942672554018 -0.144787014766 -0.300674535429 0.971077
-0.332467851135 0.483468720343 0.80976732733 0.515098 0.0279251659512 0.863279665669 -0.503952779483 1.996129 -0.942701073018 -0.144935210671 -0.300513679621 0.970804
-0.332475346523 0.483251619344 0.809893830299 0.51475 0.0276728693265 0.863375219009 -0.503802980841 1.995386 -0.94270586943 -0.1450899845 -0.300423934033 0.970449
-0.332532056851 0.483187675873 0.809908699207 0.514563 0.0271905336405 0.863335209972 -0.503897797279 1.995107 -0.942699902433 -0.14554032124 -0.30022476388 0.970332
-0.332564810071 0.483220283928 0.809875795602 0.514438 0.0272912908845 0.863327328646 -0.503905853364 1.994892 -0.942685436688 -0.1454787985 -0.30029999441 0.970253
-0.332639535972 0.483891448455 0.809444257018 0.514361 0.0268983116344 0.862841282702 -0.504758755938 1.99479 -0.942670366533 -0.146130034477 -0.300030986873 0.970204
-0.332908817951 0.483784925638 0.809397223034 0.514436 0.0268017043415 0.862866671763 -0.504720492358 1.994815 -0.942578053837 -0.14633267744 -0.300222184288 0.970177
-0.333148610562 0.48367741242 0.809362813573 0.514541 0.026683313035 0.862892088853 -0.504683310403 1.994839 -0.942496686512 -0.146538062321 -0.30037741627 0.970203
-0.333280036143 0.48349954417 0.809414979041 0.5146 0.0265959621966 0.86297665149 -0.504543312092 1.994909 -0.94245268969 -0.146627043106 -0.300472025198 0.970224
-0.333565387333 0.483126945727 0.809519911235 0.514691 0.0265367981684 0.863171937895 -0.504212260833 1.995037 -0.942353400119 -0.146705691585 -0.300744924047 0.97021
-0.333698574312 0.483227797412 0.809404816708 0.514775 0.02655320383 0.863098743049 -0.504336680317 1.995062 -0.942305783103 -0.146804140116 -0.300846066247 0.970223
-0.333940035735 0.483509102611 0.809137194934 0.514761 0.0267614962297 0.86293238909 -0.504610259684 1.994998 -0.942214346554 -0.14685584616 -0.301107099876 0.970246
-0.333971932944 0.484060643665 0.80879418968 0.514686 0.0267747825421 0.862587119413 -0.505199537255 1.994916 -0.942202663457 -0.147067177429 -0.301040506075 0.970291
-0.333850509667 0.483627997331 0.809103082056 0.514657 0.0268678352572 0.862883502183 -0.504688201852 1.995018 -0.94224304541 -0.146751565097 -0.301068134345 0.970431
-0.333864961181 0.483365995854 0.809253669592 0.514732 0.0270191170025 0.863069002238 -0.504362830402 1.995114 -0.942233598961 -0.14652375721 -0.301208621326 0.970491
-0.333894129278 0.4829838795 0.80946975396 0.514832 0.0270549382234 0.863309768147 -0.503948682447 1.99526 -0.942222235331 -0.146365352339 -0.301321162355 0.970579
-0.333586689271 0.483211114202 0.809460894579 0.514819 0.0271128097098 0.863206980702 -0.504121616296 1.995311 -0.94232946271 -0.146221501768 -0.301055569837 0.970728
-0.333335884533 0.483411078264 0.809444820538 0.514779 0.0271753683364 0.863116357926 -0.504273390173 1.995371 -0.942416408727 -0.146095455413 -0.300844528734 0.970826
-0.333150507804 0.483490563818 0.809473664704 0.514814 0.0271224413916 0.863076534785 -0.504344394512 1.995501 -0.942483481194 -0.146067689111 -0.300647830318 0.970887
-0.333301126422 0.483397710137 0.809467116664 0.514814 0.027017642647 0.863103583677 -0.504303728748 1.995494 -0.942433236952 -0.146215107558 -0.300733663247 0.970878
-0.333206512069 0.48343280169 0.809485112009 0.514798 0.0270337866826 0.863093368755 -0.504320345801 1.995514 -0.942466230001 -0.146159375549 -0.300657350229 0.970848
-0.333294717055 0.483454939208 0.809435577016 0.51477 0.0269362391088 0.863055912187 -0.504389662327 1.995519 -0.942437833815 -0.146307259545 -0.300674433896 0.97076
-0.333290661436 0.483535328576 0.809389227145 0.514763 0.026978037879 0.863012694663 -0.504461370496 1.995491 -0.942438072486 -0.146296530613 -0.300678906242 0.97074
-0.333389439925 0.483375725956 0.809443876314 0.514782 0.026873229048 0.863086319943 -0.504340989697 1.995454 -0.942406128432 -0.146389589397 -0.300733731413 0.9707
-0.333268524019 0.483287916606 0.80954609539 0.514777 0.0267721699282 0.863137026838 -0.504259579799 1.995462 -0.942451771613 -0.146380540251 -0.300595069188 0.970677
-0.333320322812 0.483312594512 0.809510036001 0.514773 0.0267467126761 0.863112686506 -0.50430259146 1.995455 -0.942434175824 -0.146442570239 -0.300620022388 0.970661
-0.333230362616 0.483333858918 0.809534376203 0.514741 0.0265483756869 0.863077318358 -0.504373597925 1.995373 -0.942471595954 -0.14658077418 -0.300435296631 0.97068
-0.333240967529 0.483278502884 0.809563058823 0.51475 0.0264239974336 0.863091427454 -0.504355985604 1.995362 -0.942471341697 -0.146680184433 -0.300387572271 0.970679
-0.333277505284 0.483243041754 0.809569186091 0.514758 0.0263942332054 0.863105343162 -0.504333729844 1.995341 -0.942459255844 -0.146715129419 -0.300408425105 0.970645
-0.333296274798 0.48318495983 0.809596126349 0.514725 0.0262717284645 0.863120626825 -0.5043139695 1.995301 -0.942456041144 -0.146816477766 -0.300368993685 0.970635
-0.333297185742 0.483164769112 0.809607801263 0.514716 0.0261627456714 0.863116132925 -0.504327326072 1.995291 -0.94245875067 -0.146909315475 -0.300315095044 0.970635
-0.333316628216 0.483168109691 0.809597803315 0.514706 0.0261286844471 0.863106853492 -0.504344972518 1.995293 -0.942452819617 -0.146952840166 -0.30031241327 0.970648
-0.333177153859 0.483186138928 0.809644452395 0.51465 0.0258837547352 0.863070967164 -0.504419009237 1.995323 -0.942508894063 -0.147104251422 -0.30006219993 0.970957
-0.333526559473 0.48314853512 0.809523024464 0.514631 0.0259055596763 0.863063802394 -0.504430148757 1.995284 -0.942384707062 -0.147269704989 -0.300370933827 0.970956
-0.333524254322 0.483055027539 0.809579775036 0.51454 0.025752546267 0.863098368057 -0.504378839185 1.995472 -0.942389716699 -0.147373835622 -0.300304136559 0.970744
-0.333587384896 0.483071635555 0.809543854007 0.514419 0.0259658879113 0.86311521989 -0.504339062397 1.995411 -0.942361517308 -0.147220623954 -0.300467733009 0.970674
-0.333450098229 0.483068081947 0.809602532231 0.51444 0.0257774720066 0.863101355481 -0.504372453752 1.995401 -0.94241527679 -0.147313537636 -0.300253505726 0.970521
-0.333733672269 0.483026368165 0.809510570438 0.514471 0.0257405128762 0.863093928012 -0.504387051208 1.995326 -0.942315903501 -0.147493725583 -0.300476852558 0.970472
-0.333468500448 0.482628830697 0.809856883029 0.514464 0.0254425151285 0.863320685226 -0.504013961001 1.995436 -0.942417867845 -0.147467983782 -0.300169545635 0.970623
-0.3336778562 0.482775266125 0.80968335212 0.514557 0.0255222428183 0.863221605637 -0.504179605581 1.995376 -0.942341606533 -0.147568634811 -0.300359442363 0.970797
-0.333981950128 0.48262897261 0.809645188824 0.514556 0.0255598630543 0.863288925476 -0.504062421284 1.995282 -0.942232853593 -0.147653330298 -0.3006588493 0.970827
-0.334080432577 0.482519282601 0.809669936757 0.514724 0.0252675405355 0.863301743495 -0.504055206375 1.995406 -0.942205824629 -0.147936613441 -0.300604295443 0.970956
-0.333674518768 0.482623732278 0.809775060475 0.514855 0.0252561804151 0.863274586061 -0.504102285664 1.995527 -0.942349956691 -0.147754262556 -0.300241964124 0.971069
-0.334032364114 0.4825618613 0.809664393278 0.514992 0.0251816852405 0.863266451295 -0.504119942868 1.995574 -0.942225165474 -0.148003662411 -0.300510654487 0.97115
-0.334414592871 0.482401596587 0.809602111957 0.51503 0.0251786354583 0.863328347429 -0.50401408794 1.995525 -0.942089654116 -0.148164989576 -0.300855811764 0.971246
-0.334297608352 0.48232309717 0.809697189686 0.515169 0.0248227852706 0.863332668943 -0.50402433678 1.995649 -0.942140614973 -0.148395190863 -0.300582649112 0.971381
-0.334568419905 0.482259855006 0.809623001558 0.515215 0.0248182089478 0.863344749764 -0.504003868595 1.995719 -0.942044600275 -0.14853038512 -0.30081671461 0.971391
-0.335257112799 0.482241985605 0.809348710778 0.515199 0.0248607289283 0.863294888464 -0.504087174712 1.995617 -0.941798605051 -0.148877811886 -0.301414639082 0.971466
-0.335368553505 0.482127555444 0.809370714569 0.515106 0.0247157513735 0.863332246904 -0.504030319613 1.995506 -0.941762743452 -0.149031713861 -0.301450631629 0.971554
-0.335614126199 0.482021719762 0.809331959071 0.515021 0.0245855301986 0.863353312246 -0.504000605098 1.995341 -0.941678666 -0.149251867363 -0.301604327038 0.971589
-0.335206712464 0.482174033534 0.80941006993 0.514432 0.0252195173279 0.863398799344 -0.503891346658 1.994992 -0.941807005636 -0.148494830468 -0.301577269468 0.9719
-0.335152821546 0.482135438217 0.809455375809 0.514365 0.0248183211682 0.863364799007 -0.503969517698 1.995005 -0.941836842104 -0.148817482341 -0.301324940563 0.971892
-0.335654258749 0.482155749485 0.809235473656 0.514406 0.0250595976898 0.863340933221 -0.503998461892 1.995184 -0.941651865154 -0.148890114731 -0.301866690094 0.97191
-0.33674371558 0.481973052877 0.808891615928 0.514511 0.0249779584963 0.863334247312 -0.504013967076 1.995713 -0.941264984798 -0.149519074767 -0.302761085138 0.972319
-0.338315704935 0.481649235423 0.808428412298 0.515 0.0249016822518 0.863367792433 -0.503960277413 1.995704 -0.940703135965 -0.150366449066 -0.304084759533 0.972442
-0.340501435943 0.481153433596 0.807805759734 0.515443 0.0243624589953 0.863371212771 -0.503980772996 1.995434 -0.939928317859 -0.151926042195 -0.305701218497 0.972196
-0.34557076812 0.480259201489 0.806183566941 0.515915 0.0242132090426 0.863388524652 -0.503958307807 1.995143 -0.938080254951 -0.154632968296 -0.30999045209 0.972356
-0.354285791207 0.47905440752 0.803111731196 0.51661 0.0221219763802 0.862870171475 -0.504941269198 1.995163 -0.934875497759 -0.161127098323 -0.316300271698 0.973381
-0.364702316975 0.477666319726 0.799266605704 0.51972 0.0155483766058 0.861393323368 -0.507700492852 1.99639 -0.930994343688 -0.172732247878 -0.32157907669 0.979743
-0.362056090018 0.478639329271 0.799887354667 0.522549 0.0131153741805 0.860635073689 -0.50905329475 1.99744 -0.932064039989 -0.17381502355 -0.317875703613 0.986177
-0.357704476609 0.480070348223 0.80098687141 0.526354 0.0100190806504 0.859662917221 -0.510763435241 1.998506 -0.933781090747 -0.174677215209 -0.312315137402 0.994088
-0.350195361297 0.48343257172 0.802281844195 0.535531 0.00667730043958 0.857786186638 -0.513963297981 2.000962 -0.936652882654 -0.174630485919 -0.303620768069 1.014114
-0.34769849872 0.485516547571 0.802109366622 0.540358 0.00731878591525 0.856865588458 -0.515487922933 2.002227 -0.937577831095 -0.173363910177 -0.301484270381 1.025238
-0.342966839944 0.487610805744 0.802875736849 0.545414 0.00859340457007 0.856309336834 -0.516391782515 2.00392 -0.939308202933 -0.170205821796 -0.297875944195 1.037217
-0.340868260131 0.489184620777 0.802812080148 0.550799 0.00883118895355 0.855582993801 -0.517590331072 2.006002 -0.940069592816 -0.169340330439 -0.295961168314 1.049528
-0.34005090327 0.490683308626 0.802243899211 0.556398 0.0106179880223 0.855030529043 -0.518468950599 2.008574 -0.940347085663 -0.167787618856 -0.295963973218 1.06215
-0.345848690691 0.484913335823 0.803273141521 0.568634 0.011786991223 0.858280772514 -0.513045010083 2.015493 -0.938216259711 -0.167967771534 -0.302550950652 1.087236
-0.346361184868 0.476739136275 0.807931757985 0.575431 0.0083006827675 0.862765316132 -0.505536455605 2.020102 -0.938064511792 -0.168391820536 -0.302785677491 1.101942
-0.347391026242 0.465601101108 0.813962584849 0.582649 0.00631367266841 0.869164414744 -0.494482919502 2.02541 -0.937699105483 -0.16663983554 -0.304879570957 1.119095
-0.356831442773 0.436533788697 0.825899250983 0.598429 0.0042183327082 0.884844616003 -0.465867160465 2.036416 -0.934159262181 -0.162752133185 -0.317581825717 1.158659
-0.362952793088 0.419676140548 0.831947839137 0.606953 0.00475817114965 0.893655380082 -0.448728672426 2.042164 -0.93179537979 -0.158908774789 -0.326351607163 1.178784
-0.369213691906 0.402272213994 0.837769846412 0.61596 0.00700775254324 0.902642623119 -0.430333808029 2.048048 -0.929318105448 -0.153014250242 -0.336087039484 1.197336
-0.371528053258 0.385036992269 0.844815613153 0.625731 0.00931070107279 0.911447573052 -0.411310870781 2.053796 -0.928375040858 -0.144947701469 -0.342213306799 1.214076
-0.371046032199 0.369689518109 0.851853568514 0.636248 0.0109484712818 0.919016077081 -0.394067990381 2.059395 -0.928549930249 -0.136890869916 -0.345044804001 1.228895
-0.368892459025 0.345677388581 0.86280096007 0.659287 0.0135877403585 0.930176311991 -0.366861556888 2.07023 -0.929372759977 -0.123608946415 -0.347832001661 1.252363
-0.366782614434 0.336789101605 0.867204482685 0.671485 0.0152043619894 0.934216157464 -0.356383218615 2.075507 -0.930182423574 -0.11752987779 -0.347774908096 1.261211
-0.363494687966 0.329167232213 0.871504759056 0.684245 0.016067604935 0.93757222098 -0.347419289213 2.080816 -0.931457698391 -0.112282071958 -0.346091450956 1.268489
-0.36030579553 0.317132746596 0.877272223853 0.711914 0.023331914304 0.943206951455 -0.331385377622 2.092386 -0.932542414844 -0.0989316317628 -0.34724224506 1.282884
-0.35815002933 0.311575518069 0.880141609647 0.726598 0.0223226655017 0.94526292029 -0.32554525051 2.098673 -0.933397158286 -0.096946934272 -0.345501138695 1.291457
-0.357210775934 0.307215111491 0.882054044166 0.741538 0.0221656861499 0.946881574981 -0.320817651196 2.105394 -0.933760753038 -0.0950481890069 -0.345045935858 1.300957
-0.353903584348 0.303135457474 0.884794409684 0.75677 0.0191869313035 0.948172971408 -0.317174838154 2.112632 -0.935085084178 -0.0952728225313 -0.341378052361 1.311819
-0.34909375701 0.300265651239 0.887679045321 0.772285 0.0169128981713 0.949138702399 -0.314403685543 2.120046 -0.936935164615 -0.0947431385017 -0.336416757928 1.323772
-0.332322380537 0.300741881369 0.893932970745 0.803927 0.0254089705877 0.950311114852 -0.310263064515 2.13547 -0.942823535773 -0.0803934436312 -0.323451193557 1.351244
-0.322585717947 0.303381958446 0.896603503153 0.819546 0.0342272909364 0.950362140733 -0.309257649891 2.144119 -0.945921216134 -0.0690737920634 -0.316957196034 1.366646
-0.319861018684 0.306106678126 0.896653573201 0.834792 0.0422207205926 0.950036656698 -0.30926972319 2.153868 -0.946523290511 -0.0610659687252 -0.316803737327 1.382883
-0.3306450512 0.31080634185 0.891107887959 0.864036 0.0569987539122 0.949067995319 -0.309872687267 2.177628 -0.942032373207 -0.0516658313319 -0.331520210098 1.422437
-0.33639552257 0.312717843603 0.888282389045 0.878712 0.0620904343183 0.948567222322 -0.310427129457 2.192032 -0.939671660933 -0.0492724571006 -0.338510553174 1.447542
-0.340874549849 0.312041999321 0.886811328257 0.893599 0.0577034401505 0.948473218797 -0.311558768485 2.20816 -0.938336216001 -0.055030390554 -0.341316278334 1.475806
-0.344132190192 0.309375887596 0.886487222608 0.90877 0.0497380972929 0.948836187051 -0.311826893998 2.226109 -0.937602878276 -0.0632174842651 -0.341912843181 1.507265
-0.346664804547 0.303366642065 0.887576584735 0.924487 0.0405690565379 0.950218513049 -0.308931916628 2.245461 -0.937111340738 -0.0710876778482 -0.341714613556 1.541009
-0.349225910061 0.286795325854 0.892070459555 0.9568 0.0306347121442 0.954995934264 -0.295032676074 2.28751 -0.936537654424 -0.0757047330587 -0.3422952165 1.608051
-0.34939815063 0.279034685662 0.894461053671 0.972949 0.0276647216876 0.957283051392 -0.287826028515 2.309495 -0.936565852202 -0.0758208659561 -0.342192344706 1.637856
-0.347943993644 0.271565917774 0.897322087988 0.988997 0.0238395052632 0.95938128899 -0.281103575794 2.332073 -0.937212171963 -0.0764165861501 -0.340284954245 1.664157
-0.347462760736 0.252820493419 0.902968121258 1.021135 0.0171961133587 0.964523030695 -0.263438070417 2.378709 -0.937536091885 -0.0760073770576 -0.339483364903 1.708639
-0.348171741511 0.238514913674 0.906579877544 1.037553 0.0143883334406 0.968335729271 -0.249236617048 2.403076 -0.937320337064 -0.0737329734371 -0.340578969336 1.729544
-0.34802650424 0.222274747683 0.91075325357 1.054027 0.011298356503 0.972409907714 -0.233004975313 2.427734 -0.937416609351 -0.0708018920836 -0.340935760211 1.75016
-0.348643795861 0.207067186668 0.914095555078 1.070651 0.00907734883001 0.97599007273 -0.217625778967 2.452548 -0.937211345079 -0.0675763134388 -0.342152504764 1.770464
-0.351110339111 0.19536106743 0.915726805932 1.087424 0.0116974753724 0.978830396165 -0.204338504968 2.477037 -0.936261020677 -0.0610336700125 -0.345962703605 1.790593
-0.377572988659 0.17199255657 0.909866582923 1.121152 0.00830357635685 0.983188089778 -0.182406772733 2.525826 -0.925942594794 -0.0613167236866 -0.372653418798 1.826511
-0.39930987484 0.161794603024 0.902426800515 1.138274 0.00492419235588 0.984669505502 -0.174360882267 2.550279 -0.916802801144 -0.0651802989222 -0.393984964748 1.842016
-0.417586752922 0.152888996974 0.895682007404 1.156476 0.00138983343464 0.985848647248 -0.167632076534 2.574474 -0.908635995406 -0.0687560857246 -0.411889825717 1.856772
-0.427394964889 0.129311690583 0.894769261132 1.198487 -0.033588391816 0.986763323027 -0.158650446783 2.621906 -0.903440846942 -0.0978602626605 -0.417394304069 1.885683
-0.413254380006 0.121135859917 0.902522532045 1.222847 -0.0493856932286 0.986672468264 -0.155043521871 2.643851 -0.909275464703 -0.108644115404 -0.401764340725 1.901851
-0.39563641238 0.115947292917 0.911058754672 1.24887 -0.05983319481 0.986637152827 -0.151549059585 2.664049 -0.91645611897 -0.114469882186 -0.3834120865 1.91848
-0.380225161296 0.112904200719 0.917976834227 1.275711 -0.0653862273268 0.986756444952 -0.148446487398 2.682447 -0.9225797895 -0.116466131578 -0.367807248708 1.934724
-0.368077445028 0.112519662304 0.922961711046 1.302495 -0.0640982718627 0.987218324957 -0.145915696253 2.698842 -0.927583099245 -0.11286852734 -0.356160482831 1.94814
-0.353087493033 0.111251802884 0.928952236995 1.355882 -0.0628123316823 0.987845951078 -0.142179421605 2.726861 -0.933479423047 -0.108551431562 -0.341808065226 1.963992
-0.351787492408 0.109073485974 0.929703466081 1.382138 -0.0659929488743 0.987827119498 -0.140863454039 2.739121 -0.933750764864 -0.110907874574 -0.340307144317 1.966788
-0.35336759598 0.106940324961 0.929351983378 1.408177 -0.0699873672184 0.987638238127 -0.14025861478 2.750171 -0.932862857306 -0.114605748056 -0.341514878111 1.966657
-0.351217448324 0.113760170215 0.929357265892 1.460146 -0.0518544004261 0.988704600573 -0.14062124293 2.767335 -0.934856900894 -0.0975798979265 -0.34135134154 1.964701
-0.342798366387 0.119956921988 0.931718636107 1.485867 -0.0383097990281 0.989203430345 -0.141452934545 2.773785 -0.938627529588 -0.0841837885828 -0.334501794373 1.964604
-0.331941466191 0.125901701247 0.934860216634 1.511079 -0.0262532247338 0.989435996364 -0.142573410181 2.779364 -0.942934584801 -0.0718691221774 -0.325129509678 1.965188
-0.320860893738 0.130440826665 0.93810099542 1.535717 -0.0187621018 0.989401085493 -0.14399123432 2.784445 -0.946940478808 -0.063801902509 -0.315012772488 1.966013
-0.311424384574 0.135295894005 0.940590173114 1.55913 -0.0110551031521 0.989229816334 -0.145952578495 2.789205 -0.950206628785 -0.0558515133223 -0.30657457669 1.966666
-0.302002860165 0.14140953524 0.942760635472 1.60223 -0.0021462155207 0.988833693342 -0.149007787284 2.799142 -0.953304603058 -0.0470241454549 -0.298327108277 1.966577
-0.299813778694 0.144437268648 0.943000304099 1.621789 0.00356108079995 0.98863481077 -0.150294809081 2.804155 -0.953991098915 -0.0417023543513 -0.29692069115 1.966224
-0.297494939329 0.145939946013 0.943503202555 1.640021 0.00584477808816 0.988507582618 -0.151058259211 2.809467 -0.954705504144 -0.0394245008147 -0.294928989915 1.965778
-0.293898263954 0.14226382705 0.945190358583 1.6723 0.00384057113639 0.989029527359 -0.147668019644 2.821323 -0.955828991221 -0.0397693038052 -0.291220435438 1.964037
-0.295255272716 0.135941167039 0.945697796887 1.686285 -0.00112806210077 0.989775521424 -0.142629396216 2.828152 -0.9554177366 -0.0431788871205 -0.292083091427 1.962594
-0.300950781478 0.12870306435 0.944914889477 1.698975 -0.00942109754357 0.990401463365 -0.137899181599 2.835235 -0.953593136536 -0.0504030018116 -0.296849570253 1.960368
-0.304282189971 0.121371044029 0.944818193378 1.710436 -0.0205504727049 0.99078256115 -0.133893967727 2.842363 -0.952360240108 -0.0601580102178 -0.298983255164 1.958267
-0.308033735562 0.114853585848 0.944417212663 1.72056 -0.0284838746092 0.991127764809 -0.129824584387 2.849117 -0.950948940082 -0.0668910131606 -0.302029312675 1.955867
-0.311339620039 0.101293588958 0.944884781246 1.737916 -0.0520901015603 0.990988962728 -0.123399745021 2.86069 -0.948869992314 -0.0876383739456 -0.303257733783 1.950565
-0.308937205179 0.0938509144447 0.946440599887 1.744893 -0.0683089142162 0.990359940831 -0.120503443255 2.86491 -0.948626214847 -0.101878326722 -0.299548178177 1.947722
-0.304061726082 0.0865052711453 0.948716662021 1.750834 -0.0855016457483 0.989371568281 -0.117615341053 2.867552 -0.948807638727 -0.116879159566 -0.293433683739 1.944821
-0.292539607471 0.0751436771423 0.953296389297 1.757969 -0.111690501506 0.987399294836 -0.112106487018 2.866518 -0.949708276227 -0.139269739512 -0.280460567144 1.938272
-0.28879962079 0.0728441718953 0.954614322987 1.758774 -0.119557355948 0.986551936433 -0.111450954946 2.862118 -0.94989516141 -0.146318157932 -0.276206768544 1.934048
-0.286437799914 0.0744863121002 0.955199024335 1.75785 -0.124595700332 0.985611257829 -0.114220663194 2.854867 -0.949962787818 -0.151730806863 -0.273035646041 1.929361
-0.287005293112 0.0800040702266 0.954582270144 1.755279 -0.128891108288 0.984219403548 -0.121240454818 2.844712 -0.94921812242 -0.157833819023 -0.272164365123 1.923355
-0.289070808445 0.0899481703396 0.953072607075 1.750909 -0.134246335401 0.981929367918 -0.133389046971 2.83152 -0.947848083364 -0.166505384516 -0.271771903976 1.914969
-0.295753169757 0.121943416365 0.947449136252 1.737182 -0.142777539037 0.975034955496 -0.170062958658 2.796039 -0.944534084576 -0.185571115118 -0.270958897822 1.889388
-0.298457904712 0.144007538566 0.943496003145 1.727429 -0.14422100272 0.97039531953 -0.193734938017 2.773851 -0.943463397006 -0.193893663306 -0.268853242198 1.872621
-0.295610985593 0.171008226997 0.939877827963 1.71601 -0.140410085033 0.96538495428 -0.219811050839 2.748559 -0.944933412055 -0.196946887128 -0.261367118117 1.855111
-0.273521057786 0.232533683701 0.933335050714 1.686372 -0.121880088952 0.954137755381 -0.273434430299 2.688738 -0.954112925635 -0.188545033614 -0.232635542072 1.827911
-0.266854821881 0.260852274674 0.927763221321 1.667033 -0.111962001444 0.947763213263 -0.298679429855 2.655339 -0.957211060462 -0.183578273179 -0.223709640707 1.818986
-0.267834124044 0.283416514984 0.920836555004 1.645245 -0.103454275076 0.941769234603 -0.319949873768 2.620312 -0.957894615793 -0.18095797244 -0.2229172879 1.813812
-0.271893339381 0.302417756579 0.913574032307 1.621635 -0.095874107639 0.936102360048 -0.338408816371 2.583459 -0.957539642774 -0.179599198269 -0.22552596413 1.81283
-0.281353982275 0.31686202219 0.905780544918 1.595348 -0.0922129060516 0.930614955462 -0.354192863605 2.545569 -0.955163188474 -0.18317822896 -0.2326134558 1.814878
-0.30112591337 0.331423195639 0.894137489254 1.536997 -0.110365672186 0.919245418947 -0.377898502441 2.466194 -0.947176120212 -0.212477116737 -0.240230872627 1.830401
-0.31019557007 0.334207325796 0.889991107648 1.504589 -0.123606840436 0.91404437352 -0.386321410531 2.424455 -0.94260280994 -0.229844179002 -0.242222203921 1.843254
-0.320553164188 0.334387074372 0.88624542505 1.470132 -0.139332663475 0.908794915809 -0.393291507523 2.380775 -0.93692693302 -0.249553772749 -0.244726044157 1.859411
-0.334006765897 0.335889137707 0.880691755103 1.395833 -0.160570073732 0.90041725919 -0.404309300876 2.284277 -0.928793158759 -0.276454782059 -0.246811713093 1.903081
-0.3399870068 0.339292796052 0.877091348581 1.356864 -0.158075722092 0.89876115734 -0.408950422597 2.23105 -0.927049567873 -0.277684678375 -0.251933161975 1.928555
-0.343765219273 0.344484346388 0.873588008796 1.316764 -0.149449827215 0.898356832176 -0.413061437594 2.174622 -0.927086955557 -0.272553732639 -0.257340707353 1.954212
-0.348134252436 0.351037950215 0.869238114552 1.275963 -0.132979029798 0.899373181187 -0.416466635632 2.115658 -0.927965042399 -0.260576741997 -0.266421924052 1.978061
-0.349322715809 0.357118899001 0.866279246084 1.234802 -0.118447069922 0.900275381027 -0.418896801066 2.054691 -0.929485842736 -0.248938406625 -0.272186953876 1.999565
-0.352225899357 0.366529542809 0.861157947226 1.150576 -0.0904117314722 0.902495242345 -0.421103379655 1.92845 -0.931537779499 -0.226182297701 -0.284743627799 2.03167
-0.351284056673 0.372181688991 0.859116000262 1.108289 -0.0733194597736 0.903842110246 -0.421537301511 1.863102 -0.933393683472 -0.211069254336 -0.290217162705 2.042874
-0.351692592332 0.376107174408 0.857237256457 1.065787 -0.0572553479636 0.905381932774 -0.420720074319 1.797223 -0.934362962466 -0.197045550989 -0.296881971845 2.0505
-0.353265030499 0.383980573714 0.853090110854 0.981007 -0.0253031925342 0.907630172206 -0.419007421114 1.66463 -0.935181034171 -0.169606572723 -0.31091806608 2.056415
-0.353740121586 0.385385818427 0.852259172632 0.939632 -0.0159070591352 0.908561652236 -0.417447828543 1.598342 -0.935208475074 -0.161224982682 -0.315264354327 2.054924
-0.354045440149 0.387488858307 0.851178131179 0.898637 -0.00837039608612 0.908779446168 -0.417192826751 1.532443 -0.935190762775 -0.154829916072 -0.318505783794 2.050547
-0.355044976351 0.391430059849 0.848955577763 0.858121 -0.00383204080018 0.90750332067 -0.420027425814 1.46683 -0.934841366346 -0.152381859877 -0.320704519066 2.042769
-0.355828511088 0.397242467846 0.845922273283 0.81818 -0.00101399651163 0.904999478323 -0.425411466754 1.401442 -0.934550716927 -0.152231291049 -0.321621814431 2.032284
-0.355864248345 0.417092143582 0.836298260498 0.740202 0.00342201090232 0.895454717365 -0.445139460158 1.271389 -0.934531394118 -0.155547397633 -0.320087613785 2.005542
-0.356739872606 0.429300268865 0.829721605387 0.702822 0.00160480284877 0.888439439728 -0.458991052793 1.206772 -0.93420238059 -0.162408870105 -0.317630714841 1.991517
-0.358781898421 0.444284455549 0.82090612857 0.665821 0.00203038213266 0.879828658453 -0.475286660146 1.142686 -0.933419212848 -0.168857497085 -0.316568663585 1.977253
-0.368914284764 0.479523172077 0.796215911634 0.593546 0.0023013666178 0.857109024173 -0.51512991021 1.016028 -0.929460571627 -0.188206397666 -0.317303321238 1.947595
-0.378120400508 0.500217256897 0.778978599592 0.558394 0.00496754447234 0.842535127507 -0.538618494315 0.953501 -0.925743099473 -0.199793029955 -0.321064571324 1.932084
-0.387550754032 0.522027480084 0.759797159172 0.524348 0.0076665930234 0.826007234697 -0.563607373603 0.891336 -0.921816487377 -0.212601407018 -0.32412189888 1.916356
-0.396945000513 0.543757752986 0.739433683731 0.491712 0.0103115211758 0.808212718914 -0.588800368136 0.829528 -0.917784473119 -0.226096676344 -0.326422967708 1.900277
-0.40371141967 0.565559472045 0.719138076595 0.46093 0.0143845358252 0.789867532306 -0.613108772192 0.767734 -0.914773291454 -0.237174545407 -0.327013853305 1.884581
-0.413444960477 0.601878025271 0.683232103573 0.405766 0.0205841298558 0.756354774109 -0.653837708671 0.644904 -0.910296412304 -0.256262167278 -0.325100205118 1.853363
-0.421952515957 0.615196494155 0.665949958973 0.38138 0.022873346018 0.741532982327 -0.67052639483 0.58383 -0.906329346496 -0.267697795472 -0.326963309838 1.837505
-0.431470048112 0.624566052954 0.65096147588 0.359476 0.022512915571 0.728814860645 -0.684340607838 0.522818 -0.901846309642 -0.280617434242 -0.328522585806 1.821688
-0.451266243366 0.63571582903 0.626278023181 0.324336 0.0198701844456 0.708783029515 -0.705146646338 0.40004 -0.892168119453 -0.30576461828 -0.332481645869 1.790537
-0.45829221677 0.63941617431 0.617345284326 0.311188 0.0177360420582 0.701022565956 -0.712918505043 0.33736 -0.888624598388 -0.315775740125 -0.332613897918 1.776316
-0.462466261893 0.642239212068 0.611272239753 0.301665 0.0128321012079 0.694203962761 -0.719663946064 0.273354 -0.886544016837 -0.324976387709 -0.329287190218 1.763068
-0.462836436817 0.64163555701 0.611625902603 0.2948 -0.00549056006286 0.687888861938 -0.725795265466 0.208152 -0.886426695505 -0.339282663281 -0.314857091221 1.750058
-0.455327759283 0.643166593836 0.615640612858 0.29045 -0.0242966415628 0.682245542138 -0.730719298665 0.141181 -0.889992306054 -0.347674780228 -0.295018545787 1.737915
-0.425863977211 0.650999562448 0.628362508912 0.287169 -0.0479919179332 0.677256118937 -0.734180444561 0.001712 -0.903513502238 -0.342817326071 -0.257176266825 1.71602
-0.406016271942 0.656862269564 0.635360327484 0.287095 -0.0506248284263 0.678010531993 -0.73330678795 -0.070485 -0.912462554664 -0.329899495801 -0.242029768841 1.706105
-0.392123915376 0.65960822521 0.641214335636 0.287958 -0.0490038780253 0.681071009649 -0.730575731703 -0.143788 -0.918606256744 -0.317898205486 -0.23474086994 1.695685
-0.376536132782 0.654347637094 0.655781755266 0.291869 -0.0376807182596 0.696476870637 -0.716589235294 -0.292289 -0.92563529761 -0.294532067011 -0.237592418484 1.674359
-0.370539767592 0.648960464487 0.664492735977 0.293994 -0.025310628236 0.708098004505 -0.705660391488 -0.366723 -0.928471675783 -0.278293966067 -0.245952872965 1.66381
-0.368193976978 0.641603519032 0.672887895331 0.296384 -0.007976913646 0.721524114813 -0.692343354551 -0.440835 -0.929714775706 -0.260284221781 -0.260542817453 1.652758
-0.372526635878 0.62986060401 0.681542020038 0.299544 0.00495201787235 0.735741983057 -0.677243834883 -0.5146 -0.928008288261 -0.248916359214 -0.27720256679 1.640986
-0.378829166403 0.616180513929 0.690514327828 0.303633 0.0161386319657 0.750410553701 -0.660774958252 -0.587943 -0.925325892451 -0.239176870011 -0.294221715057 1.629135
-0.399079833181 0.586905414179 0.704469532028 0.314647 0.0253238080831 0.775065016281 -0.631373839561 -0.732964 -0.91656641412 -0.234128715337 -0.324175497473 1.605415
-0.408735468008 0.57346735488 0.709979232146 0.322732 0.026936656399 0.78517042202 -0.618693643839 -0.804933 -0.912255300743 -0.233757569441 -0.336374293005 1.594383
-0.417230432228 0.561560408306 0.714540883538 0.332677 0.0295879304761 0.794222759998 -0.606905892105 -0.876806 -0.908318953228 -0.2320778217 -0.347989315758 1.584003
-0.43037364094 0.544890474906 0.719633864921 0.359735 0.0446219891697 0.809113200773 -0.585956232511 -1.020781 -0.901547229637 -0.22006862269 -0.372535091019 1.565745
-0.432381846668 0.53896054948 0.722888279595 0.377282 0.0525620213527 0.81540539914 -0.576499149144 -1.091957 -0.900157304355 -0.211271297522 -0.380895348173 1.558165
-0.428903419185 0.535354935288 0.72762418203 0.397543 0.0626542743532 0.821162640039 -0.567244533257 -1.162383 -0.901174954666 -0.197704354701 -0.385741739011 1.551982
-0.421972920798 0.53507199726 0.731872128081 0.4206 0.0779942628439 0.825695914654 -0.558697728192 -1.231968 -0.903247335494 -0.178673485083 -0.390153862793 1.547048
-0.412838110448 0.536432457356 0.736073986266 0.446455 0.0944342958419 0.829012607274 -0.551198930287 -1.300257 -0.905895611167 -0.15804529628 -0.392905619701 1.543101
-0.39281941159 0.539992291621 0.744379765219 0.506648 0.120185275777 0.832649405747 -0.540601948383 -1.430729 -0.911728254122 -0.122895451902 -0.391979972112 1.537248
-0.38220885283 0.541154641149 0.749044756461 0.540902 0.12784940206 0.833759780332 -0.537121177291 -1.49217 -0.915189009555 -0.109527544774 -0.387856666469 1.535092
-0.368833777854 0.542980049861 0.754409908317 0.57784 0.13473810894 0.834293952733 -0.534601947651 -1.550779 -0.919677816582 -0.0955314915883 -0.380875895538 1.533594
-0.330496712592 0.54407155198 0.771205594697 0.658286 0.136331816595 0.836072608563 -0.53140966212 -1.657265 -0.933908752903 -0.0704892866771 -0.350493511658 1.533059
-0.309351853727 0.542375980618 0.781108011894 0.701 0.136699592127 0.838231839225 -0.527902079198 -1.704347 -0.941071013318 -0.0565303401529 -0.333451148647 1.53402
-0.289255260662 0.541029294955 0.789695318576 0.744555 0.141883869958 0.840080189733 -0.523578305762 -1.747219 -0.94667859468 -0.0394027514228 -0.319760944387 1.535705
-0.269259078119 0.541550980997 0.796380614927 0.788225 0.15186462917 0.840450466768 -0.520173189733 -1.785604 -0.951018760728 -0.0191193067655 -0.308541356793 1.537855
-0.24915870571 0.544383328395 0.800978608413 0.831338 0.167122977648 0.838823017067 -0.518117608637 -1.818952 -0.953933881205 0.00476841729653 -0.299979020075 1.540615
-0.205464646362 0.549483531505 0.809846977953 0.9158 0.191406376201 0.834083480624 -0.517366742746 -1.868705 -0.959764491031 0.0487093004898 -0.276549318931 1.548277
-0.177723388286 0.551141041656 0.815265569896 0.956974 0.199975921592 0.831395091901 -0.518451378575 -1.883893 -0.963547626244 0.0708925480202 -0.257973290469 1.55395
-0.14755449984 0.551928480332 0.820732978608 0.996416 0.205420047568 0.828822856206 -0.520437582317 -1.891646 -0.967486575428 0.0918021003492 -0.235673716687 1.560763
-0.0946914996599 0.550042096228 0.829751295431 1.068142 0.20092956884 0.826902440741 -0.52522343994 -1.883521 -0.975018373292 0.116987374851 -0.188820353425 1.576754
-0.0806681374708 0.544366649732 0.834959641094 1.099538 0.175829511467 0.832324604603 -0.525661236416 -1.867218 -0.981109899295 0.104406432906 -0.162857797706 1.585442
-0.0827021458232 0.537470578172 0.839217333398 1.127065 0.141098684156 0.83993404432 -0.524024772813 -1.843058 -0.986535106525 0.0750744882872 -0.145300739168 1.594273
-0.102905997601 0.532172107868 0.840358972859 1.150293 0.107171143316 0.845858046471 -0.522530871107 -1.81228 -0.988900754221 0.0362906713488 -0.144077359342 1.602529
-0.135738334584 0.525351149808 0.839988853449 1.169101 0.0704822257572 0.850808094463 -0.520728184611 -1.775883 -0.988234466297 -0.0114784925479 -0.152515192136 1.610589
-0.22150427154 0.510507566219 0.830853707052 1.19447 0.013151325068 0.853504743523 -0.520919087223 -1.691274 -0.975070715558 -0.104458975761 -0.195768797423 1.626933
-0.259724852936 0.502695075097 0.824524506756 1.202425 -0.00846306310415 0.852607851062 -0.522482754616 -1.64539 -0.965645575421 -0.142679759536 -0.217189108587 1.635987
-0.287302684114 0.497751169731 0.818352577275 1.208053 -0.0227789052575 0.850580866972 -0.525350654531 -1.598617 -0.957568947479 -0.169575828972 -0.2330359394 1.646302
-0.285925436794 0.499246142695 0.817924161276 1.215087 -0.0407471364244 0.846452211592 -0.530903309807 -1.505743 -0.957385144792 -0.185126828136 -0.221679367639 1.672303
-0.268931956075 0.50289023864 0.821448118193 1.216106 -0.0466934287768 0.845058368874 -0.532631276686 -1.459561 -0.962026676715 -0.181597800307 -0.203781530598 1.686539
-0.253663482754 0.507953316598 0.823187867789 1.21472 -0.0456402837326 0.843789696498 -0.534729756592 -1.413635 -0.966215194466 -0.173211940241 -0.190855499633 1.70057
-0.244248109981 0.510304952211 0.824579721143 1.210721 -0.047729169458 0.842976917305 -0.535828184471 -1.367464 -0.968537447471 -0.170231526574 -0.18153908727 1.713645
-0.247131779589 0.511662080227 0.822877754697 1.203927 -0.0446874270572 0.842297173253 -0.537157803436 -1.320974 -0.967950885831 -0.169521053523 -0.185293537481 1.724992
-0.267807109014 0.50827892534 0.818493669136 1.182855 -0.0532726618983 0.840413264436 -0.539321396251 -1.227631 -0.961998636099 -0.188037440461 -0.197991275386 1.745041
-0.279949071019 0.507444707542 0.814940725712 1.168786 -0.0616649682579 0.83762547007 -0.542753170031 -1.181491 -0.958032332088 -0.202196539726 -0.203200910425 1.754593
-0.291599775499 0.509430771228 0.809598579702 1.152342 -0.0692520011081 0.832917495331 -0.549046998274 -1.136267 -0.954030257 -0.216168303174 -0.207599454314 1.762979
-0.308395997085 0.524049337332 0.793891806875 1.113444 -0.0754754922329 0.81845929728 -0.569585664117 -1.049181 -0.948259120206 -0.235577313714 -0.212856689369 1.772206
-0.309368224057 0.536095291096 0.785425452101 1.091685 -0.0768132722993 0.809157533062 -0.582549403817 -1.007282 -0.947834913444 -0.240553373607 -0.209148395412 1.772987
-0.30653652668 0.550794546703 0.776312260069 1.068451 -0.0756219173071 0.798904951287 -0.596684342373 -0.966798 -0.948850190196 -0.24161176737 -0.20324140925 1.770974
-0.293224086118 0.570384604409 0.767255523521 1.043454 -0.0696789922272 0.787647400344 -0.612173513617 -0.927479 -0.953501165895 -0.232965610736 -0.191213364732 1.767457
-0.276194450547 0.593678273939 0.755819245944 1.01643 -0.0553509046551 0.775278485466 -0.629189595692 -0.888877 -0.959506593433 -0.215613953691 -0.181266985778 1.763388
-0.24279584248 0.6406716461 0.728416104131 0.955604 -0.028213442688 0.745903288483 -0.665456449275 -0.811072 -0.96966704622 -0.182121185243 -0.163026664567 1.757079
-0.232967201523 0.662293739281 0.712104827903 0.921695 -0.0197669103607 0.728876868366 -0.684359393897 -0.770807 -0.972283678907 -0.173509405133 -0.156712903301 1.753934
-0.23024128813 0.682435579824 0.693736714201 0.885711 -0.0149811415368 0.710319349039 -0.703720106135 -0.729165 -0.9730182499 -0.172418391624 -0.153321177896 1.750768
-0.246391163251 0.720658372683 0.64803001825 0.807614 -0.0112786757235 0.666466598088 -0.745449572478 -0.64179 -0.969104837541 -0.190981107743 -0.156083408278 1.742353
-0.265527812971 0.738156932621 0.620176848457 0.766106 -0.0105485617852 0.64100525126 -0.76746400287 -0.596149 -0.964045490827 -0.21032501202 -0.162418228459 1.73704
-0.282230602906 0.756763684019 0.589622432861 0.723143 -0.0078811201732 0.612758668896 -0.79023079011 -0.549427 -0.95931422106 -0.227674197577 -0.166975103022 1.731952
-0.297070266474 0.77564746851 0.55688442371 0.679069 -0.0059142373396 0.581707359831 -0.81337664665 -0.501818 -0.954837304766 -0.244923563817 -0.168220597174 1.725738
-0.307327786676 0.79541783192 0.522360128839 0.634594 -0.00409211649944 0.547816366914 -0.836588598251 -0.453896 -0.951594917031 -0.25924448076 -0.165104249114 1.717228
-0.317910009421 0.835770506507 0.447683913452 0.54454 -0.00114858943116 0.47184036332 -0.881683249407 -0.356615 -0.948120196311 -0.280810135136 -0.149042817178 1.691756
-0.321805967343 0.854398345745 0.407975962737 0.499366 -0.000388424255997 0.430778096014 -0.902457800188 -0.3071 -0.946805560033 -0.290574773136 -0.138295092856 1.674377
-0.323330295075 0.871880138229 0.367807755286 0.454403 -0.00109375892575 0.388340949962 -0.921515116682 -0.257312 -0.946285540404 -0.298356047609 -0.124608767258 1.654198
-0.331399200671 0.89890604071 0.286605128652 0.365815 -0.00312809893125 0.302722551266 -0.953073592097 -0.156477 -0.943485444929 -0.316744355798 -0.0975101444892 1.604878
-0.340194201098 0.907502881475 0.246386740014 0.322198 -0.00226074373372 0.261224486924 -0.965275430366 -0.105509 -0.940352484219 -0.328938121151 -0.0868154241836 1.575549
-0.349719367739 0.913457899597 0.208064964594 0.279209 -0.00140359167299 0.221577764058 -0.975141694527 -0.054196 -0.936853453726 -0.341317975118 -0.0762079136498 1.543818
-0.357520914554 0.917907803124 0.172116415895 0.23683 0.000917738476343 0.184642762098 -0.982805274793 -0.003593 -0.933904681117 -0.351215482815 -0.0668560484795 1.511429
-0.358483118364 0.922815207053 0.141074262287 0.195711 0.00313107346073 0.152305838788 -0.988328451402 0.045981 -0.933530958366 -0.353857351347 -0.0574884742378 1.481824
-0.368336405808 0.924618652402 0.09699814321 0.117407 -0.00929121838881 0.100667344099 -0.994876755731 0.142458 -0.929646150649 -0.36735055936 -0.0284886138819 1.433423
-0.370026279266 0.925257526405 0.0835407833508 0.079957 -0.022348763367 0.081032029477 -0.996460908905 0.188169 -0.928752434952 -0.370583755755 -0.00930561885755 1.416054
-0.368854297101 0.92659888632 0.0732189277496 0.043368 -0.0339576784899 0.0652871098693 -0.997288558721 0.232422 -0.928866720031 -0.370340515142 0.0073837160502 1.403837
-0.358936211413 0.931629015328 0.0568522113478 -0.028864 -0.0462180165365 0.0430957623647 -0.998001327761 0.316546 -0.932217083669 -0.360846412016 0.0275894155652 1.393618
