-0.379494781312 -0.165849608073 0.910207459022 0.878703 -0.0349556872527 0.985669665472 0.165025484388 2.142317 -0.924533293552 0.0308093828359 -0.379853881175 0.947242
-0.379331207321 -0.165572083838 0.910326161442 0.879045 -0.0348549857744 0.985717571677 0.164760428664 2.141483 -0.924604220799 0.0307693669169 -0.379684449169 0.947123
-0.379559717514 -0.165517929076 0.91024075716 0.879311 -0.0347663458085 0.985723038714 0.164746448055 2.140846 -0.924513776014 0.0308853703528 -0.379895211682 0.947051
-0.37943366618 -0.165337101435 0.910326170039 0.87951 -0.0349910297558 0.985763958387 0.164453781295 2.140426 -0.92455704032 0.0305460510507 -0.379817348155 0.947015
-0.37943348476 -0.165915304187 0.910221040451 0.879727 -0.0349980125171 0.985659532625 0.165077027066 2.140066 -0.924556850476 0.0307798242666 -0.379798937144 0.946999
-0.37929541056 -0.166104307835 0.910244115854 0.879752 -0.0349229137748 0.985623562117 0.165307543363 2.140001 -0.924616342935 0.0309120157567 -0.379643340071 0.947011
-0.379212136705 -0.165902765338 0.910315564971 0.879781 -0.034497152104 0.985646350423 0.165261061339 2.139985 -0.924666481426 0.0312657056772 -0.37949223151 0.947024
-0.378896308149 -0.165766017367 0.910471973845 0.879703 -0.0347598839706 0.985681904927 0.164993735532 2.140171 -0.924786103992 0.0308676170915 -0.379233242316 0.947082
-0.37888325743 -0.165714352727 0.910486809646 0.879714 -0.0349583423854 0.985697940999 0.164855947444 2.140288 -0.924783970199 0.0306320487454 -0.379257545809 0.94708
-0.378760804748 -0.165701985389 0.910540007262 0.879657 -0.0351090379462 0.985705887593 0.164776389748 2.14038 -0.924828420974 0.0304426543179 -0.379164392523 0.947092
-0.378808312699 -0.165739206604 0.910513469216 0.87964 -0.0352347020748 0.985702998569 0.164766848554 2.140572 -0.924804183598 0.0303333810664 -0.379232261277 0.947067
-0.378881444902 -0.165892791573 0.91045506886 0.879646 -0.0355949530166 0.985686528021 0.164787947973 2.140727 -0.924760428451 0.0300274904307 -0.379363282079 0.947051
-0.378810693768 -0.165956040908 0.910472981902 0.879533 -0.035886136493 0.985684903776 0.164734500565 2.141055 -0.924778159071 0.029729832745 -0.379343503372 0.947101
-0.378869191412 -0.166044733572 0.910432469902 0.879527 -0.0361208766523 0.985676037739 0.164736246457 2.14117 -0.924745055715 0.0295278695457 -0.379439964752 0.947096
-0.378938762512 -0.166020564142 0.910407923158 0.87951 -0.0361371932975 0.985680529731 0.164705787907 2.141231 -0.924715911795 0.0295138203494 -0.379512077386 0.94711
-0.378885967867 -0.166129967901 0.910409939049 0.879472 -0.0365597778499 0.985674435725 0.164648988464 2.141307 -0.924720934119 0.0290988062286 -0.379531887302 0.947156
-0.378874363295 -0.166162340864 0.910408860522 0.879465 -0.036709739105 0.985673354253 0.164622093807 2.141333 -0.924719747757 0.028950219227 -0.379546140692 0.947144
-0.378923193435 -0.166185582985 0.910384295496 0.879446 -0.0367296634557 0.985669498584 0.164640734275 2.141352 -0.924698948469 0.028948084012 -0.379596974609 0.947122
-0.378913753623 -0.166195018538 0.910386502058 0.879439 -0.0368096358169 0.985670345645 0.164617801067 2.141337 -0.924699636653 0.0288649533219 -0.37960162861 0.947093
-0.378851512754 -0.166166941318 0.910417529981 0.879433 -0.0368035474143 0.985675583245 0.164587798732 2.141309 -0.924725380955 0.0288477417991 -0.379540218701 0.947092
-0.378788400551 -0.166084716294 0.910458793478 0.879452 -0.0369925302956 0.985696664494 0.164419093499 2.141243 -0.924743694388 0.0285998709459 -0.379514356872 0.94707
-0.378894106994 -0.166070906278 0.910417327259 0.87942 -0.0370544076664 0.985700480427 0.164382279334 2.141168 -0.924697910973 0.0285485021433 -0.379629762358 0.947026
-0.378899844866 -0.166130974119 0.910403980109 0.879391 -0.0371874745303 0.985693702313 0.16439287381 2.141133 -0.924690218018 0.028432809561 -0.379657182261 0.946992
-0.378972694086 -0.166343600632 0.910334830525 0.879411 -0.0373441541877 0.985659694997 0.164561173449 2.141104 -0.924654049515 0.0283685069704 -0.379750071135 0.946897
-0.378986659375 -0.166344958734 0.910328768479 0.879416 -0.0374474133117 0.985662534281 0.164520697031 2.141051 -0.924644149526 0.0282616917231 -0.37978213956 0.946874
-0.378614903658 -0.166380101762 0.910477026874 0.879422 -0.0375043149587 0.985659967855 0.164523111224 2.140983 -0.924794129029 0.0281440847272 -0.379425525509 0.946915
-0.378387990647 -0.16628807848 0.910588163491 0.879413 -0.0375008753568 0.985677731138 0.164417440332 2.140946 -0.924887135212 0.0280657316542 -0.379204564615 0.947022
-0.377277919596 -0.166343857804 0.911038469197 0.87932 -0.0374922573767 0.985673460709 0.164445004455 2.140928 -0.92534085721 0.0278845804015 -0.378109439388 0.947279
-0.377623290075 -0.166212703599 0.910919309245 0.879404 -0.0375541035974 0.985697110625 0.164289060526 2.140988 -0.925197460057 0.0278306174508 -0.378464155022 0.947519
-0.378266030181 -0.16628862841 0.910638733238 0.879525 -0.0376114715008 0.985681645812 0.164368702378 2.141009 -0.92493253139 0.0279246337718 -0.379104243191 0.947371
-0.378010099659 -0.166361558067 0.910731681975 0.879473 -0.0379223219239 0.98567919622 0.164311958296 2.141017 -0.925024465652 0.0275745197005 -0.378905507756 0.947214
-0.378285378683 -0.166385430191 0.910613013796 0.879429 -0.0379418957515 0.985673990677 0.164338664501 2.140974 -0.924911122661 0.0276165298936 -0.379179037468 0.947044
-0.378426170616 -0.166404607146 0.910551009067 0.879448 -0.037982876959 0.985670994465 0.164347168299 2.140936 -0.924851844595 0.0276079226087 -0.379324225641 0.946921
-0.37854713381 -0.166408828961 0.910499955589 0.879441 -0.0380243670596 0.985670819062 0.164338625892 2.140926 -0.924800635269 0.0275887312865 -0.37945045383 0.946914
-0.378651557172 -0.166464253819 0.910446401746 0.879402 -0.038116126793 0.985662987161 0.16436434108 2.140945 -0.924754107387 0.0275341232061 -0.37956779754 0.946943
-0.378491099465 -0.166442557343 0.910517085359 0.879348 -0.0380527390836 0.98566587852 0.164361689483 2.140979 -0.924822402775 0.027561767482 -0.379399357273 0.946985
-0.377932766147 -0.166598115876 0.910720534554 0.879126 -0.0382371292274 0.985646256062 0.164436552685 2.140926 -0.925043105061 0.0273226224422 -0.378878249682 0.947449
-0.378346053181 -0.166595220931 0.910549447535 0.879127 -0.0382373343247 0.985644577199 0.164446567924 2.140888 -0.924874137549 0.0274007262887 -0.379284892782 0.947331
-0.378360901985 -0.166643759336 0.910534395464 0.879091 -0.0383127223267 0.985637962212 0.164468668 2.140876 -0.924864943198 0.0273434621104 -0.379311444492 0.947209
-0.377591914503 -0.166888142543 0.910808813078 0.878824 -0.0383910328079 0.985600205828 0.164676540136 2.14076 -0.925175915543 0.0272136390392 -0.378561676809 0.947404
-0.377936678647 -0.166824955706 0.910677385844 0.878906 -0.0384009073085 0.985610085034 0.164615098326 2.14065 -0.925034722187 0.0272432456347 -0.378904431639 0.947395
-0.377952453565 -0.166756665199 0.910683346425 0.879029 -0.0383578431138 0.985621074411 0.164559331395 2.140557 -0.925030063682 0.0272637541294 -0.378914329361 0.947491
-0.377334698278 -0.166873014103 0.910918175601 0.879134 -0.0384538499118 0.98560614846 0.164626308789 2.140746 -0.925278242964 0.027090907749 -0.378320308489 0.947586
-0.376747456187 -0.166833247437 0.911168492545 0.879318 -0.0382334981485 0.985609984481 0.16465466319 2.141017 -0.925526635962 0.0271960666333 -0.377704673103 0.947661
-0.377041450648 -0.166862259422 0.911041563747 0.879897 -0.038349562305 0.985606589101 0.164647996013 2.14105 -0.925402104798 0.0271410740517 -0.378013632737 0.947916
-0.376740071685 -0.166875839584 0.911163746288 0.880254 -0.0382132401267 0.985601730054 0.164708767205 2.140979 -0.925530478518 0.0272338737325 -0.377692532963 0.94794
-0.376817010346 -0.166960571708 0.911116407606 0.880718 -0.0380927504681 0.985582438322 0.164852053773 2.141017 -0.925504123749 0.0274121280899 -0.377744215254 0.948009
-0.377130069115 -0.166680891331 0.911038084514 0.880347 -0.0381031415117 0.985631631761 0.164555270589 2.140842 -0.925376173011 0.0273453275137 -0.378062390998 0.948199
-0.37746883475 -0.166606190045 0.910911442584 0.879965 -0.0383845581411 0.985651595584 0.164370185309 2.140741 -0.92522640715 0.027079689087 -0.378447864243 0.948107
-0.377589934456 -0.166444408213 0.910890827911 0.87946 -0.0377635604445 0.98566176611 0.164453021653 2.140691 -0.92520254804 0.0276973248288 -0.378461495132 0.948168
-0.377278779111 -0.166576331656 0.910995635865 0.878934 -0.0380303236561 0.985647564819 0.16447666232 2.140618 -0.925318549104 0.0274080954712 -0.378198861695 0.948197
-0.377020356045 -0.166726373301 0.911075171198 0.878541 -0.0383323890486 0.985630744573 0.1645073351 2.1405 -0.925411410713 0.0270989261367 -0.377993874454 0.948093
-0.376778040218 -0.16663543067 0.911192044333 0.878992 -0.037749456896 0.985631227438 0.164639187326 2.140501 -0.925534054972 0.0276354255422 -0.377654599259 0.94857
-0.37707643929 -0.166859736006 0.911027544827 0.879188 -0.0380376702808 0.985597654229 0.16477378316 2.140503 -0.925400721078 0.0274789460755 -0.37799260965 0.948472
-0.376832489967 -0.166928369328 0.911115905919 0.879467 -0.0383635508573 0.985596156899 0.164707174926 2.140547 -0.92548663549 0.0271133734492 -0.377808618892 0.948491
-0.376662619593 -0.167114857474 0.911151960659 0.879514 -0.0383249425271 0.985562192191 0.164919265413 2.140561 -0.9255573833 0.0271990760062 -0.37762910439 0.949023
-0.376710205808 -0.166850963659 0.911180649908 0.879423 -0.0374154669606 0.985582559039 0.16500637003 2.140554 -0.925575228532 0.0280673341116 -0.377521815374 0.948949
-0.377530789489 -0.167002247835 0.910813236732 0.879372 -0.0385341256509 0.985584095782 0.164739525619 2.14031 -0.925194911437 0.027096851458 -0.37852362739 0.948788
-0.37728589321 -0.166638727463 0.910981278235 0.879325 -0.0371264602429 0.985608990032 0.164913749328 2.140124 -0.925352354908 0.0283981210093 -0.37804307425 0.94902
-0.376698344284 -0.167031322006 0.911152509124 0.87934 -0.0377785815763 0.985560907068 0.165052952815 2.139954 -0.925565306279 0.0277531246501 -0.377569368307 0.949285
-0.377012566247 -0.167062714237 0.911016780528 0.879728 -0.0373963323459 0.98554193202 0.165253183201 2.13979 -0.925452883306 0.0282338403818 -0.377809225719 0.949347
-0.376310374456 -0.166878079429 0.911340885006 0.879816 -0.0373315272571 0.985577298575 0.16505679509 2.139978 -0.925741248487 0.0280908372777 -0.377112775853 0.949526
-0.376937123135 -0.167307697894 0.911003040296 0.880016 -0.037979386414 0.985515523002 0.165277706088 2.140238 -0.925459870232 0.0276999665593 -0.377831629753 0.949706
-0.375771215362 -0.166777803251 0.911581679307 0.880183 -0.0368796495198 0.985584649339 0.165114476771 2.140444 -0.925978339464 0.0284264547685 -0.376505048455 0.949612
-0.374939956973 -0.165467736526 0.912162516679 0.880026 -0.0371883376002 0.985834556895 0.163545877287 2.140476 -0.926302896579 0.0273980765768 -0.375782236393 0.949988
-0.373454960046 -0.163339785876 0.913154700566 0.879949 -0.0363937437671 0.986197933859 0.161521300971 2.140347 -0.926934133707 0.0270878128088 -0.374245056301 0.950787
-0.372753379007 -0.161701309999 0.913732786313 0.8803 -0.0351411897914 0.986453197217 0.160234785485 2.14039 -0.927264803181 0.0276184004617 -0.373386138919 0.951615
-0.369857340913 -0.161078251826 0.915018767109 0.881652 -0.0368959927836 0.986625919577 0.158770212997 2.140938 -0.928355660881 0.0249618029672 -0.370853981107 0.952367
-0.356027700444 -0.159526758185 0.920758106095 0.887913 -0.0402128288868 0.98702357813 0.155458626676 2.143937 -0.933609771216 0.0183212892032 -0.357822757035 0.956166
-0.346641181852 -0.159365547971 0.924360596934 0.89274 -0.0427855438578 0.987122029456 0.154141156733 2.146332 -0.937021498302 0.0138824018815 -0.348995688565 0.960849
-0.342420911898 -0.158191320625 0.92613358927 0.898732 -0.0405991660141 0.987294463416 0.153627309508 2.14937 -0.938669072045 0.0150049520722 -0.344492706163 0.967865
-0.329992201641 -0.160325517813 0.930269248763 0.913399 -0.0491792623417 0.987053343128 0.152666623646 2.157163 -0.94270172749 0.00462883982069 -0.333604596536 0.990925
-0.324226282405 -0.161475049779 0.932096092737 0.921594 -0.0515354647327 0.986875525109 0.153038537026 2.161355 -0.944574726357 0.00158311060987 -0.328292674436 1.006459
-0.317313954751 -0.163078053668 0.934193450273 0.93011 -0.054428892582 0.986611013651 0.153740701815 2.165487 -0.946757281341 -0.00206304485659 -0.321941600408 1.024433
-0.315677716848 -0.163451876431 0.934682332762 0.938216 -0.0548631462298 0.986547701741 0.15399242636 2.169273 -0.947279058288 -0.00266763593563 -0.320398610245 1.043356
-0.313556804311 -0.163187650899 0.935442099258 0.945812 -0.0541039483293 0.98659229502 0.153975342776 2.17285 -0.948026842049 -0.00233109457983 -0.318181823417 1.061818
-0.313142966302 -0.162154296091 0.935760368318 0.959404 -0.0510258239403 0.986765312299 0.153917457537 2.179212 -0.948334249063 0.000450225414854 -0.317272673501 1.086272
-0.31276207739 -0.16183807469 0.935942477147 0.965613 -0.0502308362436 0.986816708588 0.153849428799 2.182262 -0.948502370074 0.00110509365334 -0.316768105609 1.090642
-0.313637811621 -0.161632462285 0.935684920396 0.971213 -0.0482167520952 0.986845571127 0.154308015229 2.185232 -0.948317704116 0.00328114036598 -0.317305477701 1.09003
-0.316524919408 -0.161467170108 0.934740781378 0.981139 -0.0456119892579 0.986857112356 0.155024469774 2.190511 -0.947486950744 0.00643372132233 -0.319729706784 1.081517
-0.318837247104 -0.161653115487 0.933922416538 0.98551 -0.0456743970544 0.986823989547 0.155216826109 2.192948 -0.946708328532 0.00683256226999 -0.322019652786 1.076939
-0.32124616634 -0.161917835609 0.933050649817 0.989397 -0.0470367106841 0.986786479238 0.155048354525 2.195151 -0.945826859663 0.00592105601936 -0.32461745584 1.07339
-0.32160814712 -0.162991141744 0.932739024282 0.992956 -0.0491861380978 0.986618950206 0.155447003554 2.197192 -0.945594481543 0.00411519233083 -0.325321597296 1.071118
-0.324016978031 -0.163505492734 0.931814869914 0.996129 -0.0498170527307 0.986534083867 0.155784346535 2.198735 -0.944738725365 0.00405650267908 -0.327799154333 1.069805
-0.324290726561 -0.16378310398 0.931670875104 1.001811 -0.0490309415595 0.986483585616 0.15635249304 2.201288 -0.944685922112 0.00502296333787 -0.32793791852 1.071324
-0.325599724909 -0.163483702384 0.931266824382 1.004178 -0.0486610830257 0.986530518764 0.156171810986 2.202285 -0.944254689233 0.00553304643535 -0.329169359539 1.07367
-0.326231322512 -0.163759040973 0.9309973688 1.006211 -0.0484000050361 0.986482035994 0.156558717976 2.202934 -0.94405008539 0.00601408027775 -0.329747277644 1.076846
-0.325878610904 -0.163879453634 0.931099702305 1.01003 -0.0486356736333 0.986463623063 0.156601697382 2.203736 -0.944159786374 0.00574848236676 -0.329437782813 1.085741
-0.326279072409 -0.16391375748 0.930953407543 1.011399 -0.0495366960143 0.986462555406 0.156325757728 2.203712 -0.94397461971 0.0048894672722 -0.329981833521 1.091298
-0.32703444325 -0.164098998657 0.930655678308 1.012349 -0.0494459239575 0.986430259866 0.156558113889 2.203346 -0.94371795232 0.00518276571189 -0.33071069745 1.097554
-0.32841346525 -0.163792006802 0.930224045244 1.013151 -0.0491378052926 0.986478783933 0.156349240294 2.202862 -0.943255040768 0.00563802778033 -0.332021295566 1.104488
-0.333291319037 -0.163325090369 0.928569766636 1.013907 -0.0482206142202 0.986545381131 0.156214542644 2.202292 -0.941589968627 0.00728874647693 -0.336682647542 1.111658
-0.358110275665 -0.162543455438 0.91942191379 1.015507 -0.0480037244141 0.986632817079 0.155728374761 2.201105 -0.93244446103 0.0116322550445 -0.361126041344 1.124741
-0.370622765618 -0.159638939173 0.914961296835 1.017087 -0.0411833076544 0.986973689346 0.155521290213 2.200373 -0.927869980534 0.0199585981118 -0.372369377883 1.131508
-0.377485165935 -0.157673643741 0.912493272068 1.01959 -0.0349664914949 0.987121537997 0.156103855478 2.199796 -0.92535522583 0.0270202015511 -0.378137031691 1.138943
-0.378110981468 -0.15099891023 0.913362696196 1.027493 -0.0152647948579 0.987491009176 0.156934676967 2.199723 -0.92563441581 0.0453964305463 -0.375686162059 1.155923
-0.374677697348 -0.148902391267 0.915120047308 1.032714 -0.00807464902429 0.987505974427 0.15737455485 2.201036 -0.927119961576 0.0515754626351 -0.371198799164 1.164962
-0.369467211199 -0.146643740422 0.917599909135 1.038593 -0.00237278182707 0.987615194079 0.156877654019 2.203287 -0.929240738321 0.055783884941 -0.365239385096 1.174256
-0.363790654519 -0.142714125191 0.920483046099 1.045105 0.00245634397751 0.988042910012 0.1541595743 2.206366 -0.931477496271 0.0583428354216 -0.359090221944 1.183491
-0.360869441436 -0.139347993388 0.922147159068 1.052187 -0.00128851483762 0.988847944452 0.148923075721 2.210307 -0.932615454497 0.0525535868554 -0.357024557336 1.192314
-0.353088231324 -0.125479186392 0.927137354809 1.067345 -0.0191644469504 0.991727507801 0.126922315785 2.220378 -0.935393727194 0.0270467013442 -0.352572050896 1.209176
-0.349093939852 -0.113506563586 0.930187981637 1.075194 -0.0273983389075 0.993448968571 0.110943579667 2.225827 -0.936687115415 0.0132441257587 -0.349916905777 1.217262
-0.346374588207 -0.0966181202282 0.933107487639 1.083368 -0.0316340326219 0.995319284678 0.0913170823496 2.231159 -0.937562761966 0.00211196409139 -0.347809728131 1.225046
-0.343455452377 -0.0561422316876 0.937489414369 1.099875 -0.0393032493621 0.998196387256 0.0453787071102 2.241805 -0.938346208402 -0.0212608158485 -0.345042563877 1.238808
-0.344491018196 -0.0336248561971 0.938187245398 1.10817 -0.0418941849692 0.998913395657 0.0204182575917 2.246957 -0.937854368038 -0.032270683647 -0.345525378704 1.244516
-0.343238165618 -0.0101971672467 0.939193046952 1.116619 -0.0432896495533 0.999050183657 -0.00497360804311 2.25208 -0.938250269334 -0.0423644699667 -0.343353584195 1.250248
-0.342893945784 0.0117033323301 0.939301215775 1.125015 -0.0438563271366 0.99863260613 -0.0284524259905 2.257337 -0.938349809247 -0.0509504660139 -0.341911809534 1.255514
-0.342089601329 0.0304351727089 0.93917432084 1.133448 -0.0442224271987 0.997846443493 -0.0484443200003 2.262836 -0.938626167116 -0.0581048661458 -0.340006974832 1.260662
-0.342372883358 0.0614286205813 0.937553909551 1.149619 -0.0443037811505 0.995694978154 -0.0814167393962 2.274193 -0.938519037482 -0.0694120670462 -0.338177440453 1.270106
-0.341992898073 0.0737023807915 0.936807780035 1.157928 -0.0442517566811 0.99455037566 -0.0943998533105 2.280093 -0.93866002349 -0.0737394693504 -0.33686770543 1.274623
-0.340814265475 0.0840620336264 0.93636489199 1.166448 -0.0435309532917 0.993515125374 -0.105036906649 2.286238 -0.93912229904 -0.0765589325645 -0.334944827233 1.279018
-0.341213159789 0.103606887143 0.934258632566 1.184136 -0.0439394984567 0.991062512443 -0.125954026953 2.298292 -0.938958412318 -0.0840280272684 -0.333611136761 1.287138
-0.343091950034 0.11516188776 0.932215454404 1.192797 -0.0440129214325 0.989394586844 -0.138424037911 2.303921 -0.938270097876 -0.0885216986511 -0.334384707035 1.290457
-0.34515395049 0.127990059006 0.929778089254 1.201318 -0.0441927081365 0.987342782182 -0.15231951622 2.309319 -0.937505069324 -0.09366309449 -0.335129034435 1.292983
-0.347409895374 0.142289781245 0.926854887644 1.210042 -0.0436866909572 0.984891012547 -0.167574360918 2.314574 -0.936695167933 -0.0987082142325 -0.335944713925 1.294966
-0.347903013132 0.159459900586 0.923870138904 1.218913 -0.0424004377327 0.981744954208 -0.185415877871 2.319452 -0.936571244665 -0.103679240892 -0.334790858111 1.296572
-0.349807730712 0.200487672746 0.915117066069 1.236673 -0.0393865338385 0.9728207247 -0.228185316239 2.328402 -0.935993190406 -0.115864276944 -0.33240369559 1.298496
-0.35022181503 0.223945730506 0.909501506357 1.245562 -0.0384293271747 0.966744936554 -0.252838712345 2.33259 -0.935878126195 -0.123501163701 -0.329969082604 1.298409
-0.350758123486 0.248830897735 0.902802261374 1.25451 -0.0385942709886 0.959392152015 -0.279422942684 2.336781 -0.935670466059 -0.132852862159 -0.326911143831 1.297599
-0.353392908931 0.301914025817 0.885415932165 1.272695 -0.0378195016582 0.941103313008 -0.335997380257 2.345053 -0.934710188888 -0.152225080917 -0.321160999389 1.294996
-0.355265022396 0.328834996684 0.875016747736 1.281985 -0.0379403645926 0.930237522814 -0.364991342203 2.349293 -0.933995338637 -0.162867111796 -0.318004734712 1.293182
-0.355299564389 0.356193746037 0.864226957939 1.291457 -0.03822929232 0.918240990766 -0.39417255623 2.353725 -0.933970417494 -0.173088122528 -0.312633589183 1.290923
-0.356549798277 0.383277856545 0.852038922838 1.30115 -0.0372716938985 0.905416150795 -0.422885817585 2.358205 -0.93353257157 -0.182536786876 -0.308540530975 1.288105
-0.35729486263 0.409013732995 0.839671452034 1.31117 -0.037946751137 0.891914570564 -0.450608968945 2.362808 -0.933220459065 -0.192863073286 -0.303155751629 1.284692
-0.358857569806 0.457715123281 0.813460577111 1.332435 -0.0400439039232 0.8631577977 -0.503343920227 2.372131 -0.932532964753 -0.213202913184 -0.29142200922 1.276277
-0.358853352854 0.481615108447 0.799544344275 1.343743 -0.0374934634453 0.848469889982 -0.52791390017 2.37673 -0.932640612103 -0.219421359739 -0.286418846353 1.2714
-0.359705216866 0.50327978111 0.785698172892 1.355393 -0.0384285897638 0.833355475897 -0.551399940408 2.38131 -0.932274316094 -0.228534707909 -0.280421979939 1.266156
-0.360374255811 0.546227518256 0.756152031042 1.379975 -0.0365115188051 0.801738264891 -0.59655901938 2.390535 -0.932092970011 -0.242592771757 -0.26898223426 1.255435
-0.361449982472 0.566460167322 0.740592188055 1.393086 -0.0361781360307 0.785174465706 -0.618216952919 2.395069 -0.931689354154 -0.250247751719 -0.263307823878 1.249912
-0.362129025704 0.586584129156 0.724418130753 1.406508 -0.0353883559704 0.767953938909 -0.639526709353 2.39963 -0.931455974807 -0.257227150852 -0.257340163714 1.24429
-0.364234739844 0.606473690628 0.706769210469 1.420265 -0.0310347813367 0.750574552936 -0.660056575479 2.403991 -0.93078993153 -0.262349962954 -0.254563548647 1.238534
-0.365294113089 0.624887610216 0.689982380602 1.434606 -0.0321919680305 0.732282202764 -0.680239996405 2.40857 -0.930335363263 -0.270699556912 -0.247382015819 1.232452
-0.364492495342 0.661283405288 0.655629070992 1.46564 -0.0309753955042 0.695064651944 -0.718279649226 2.417241 -0.930691004423 -0.282115911477 -0.232862334392 1.219724
-0.361485577531 0.678873372149 0.639108067406 1.482052 -0.0304221020641 0.676507641298 -0.735806976707 2.421714 -0.931881254744 -0.285426620783 -0.223895000403 1.213371
-0.358455033302 0.695250407024 0.623006308663 1.498982 -0.0321300191691 0.657770752947 -0.752532589617 2.426246 -0.93299391797 -0.289766299112 -0.213442828247 1.206802
-0.353374439382 0.725278410864 0.590844930862 1.533799 -0.040027233626 0.619293100825 -0.784138939116 2.435898 -0.934625233 -0.300744546092 -0.189811463922 1.192546
-0.353312238077 0.738594926876 0.574149803116 1.551503 -0.0445806735251 0.599742039638 -0.798950592614 2.440545 -0.934442628508 -0.307875006916 -0.178969142991 1.184706
-0.351521174327 0.752855708318 0.556454082968 1.569314 -0.0455464544916 0.579931046874 -0.813391358053 2.445082 -0.93507132588 -0.311268795937 -0.169568134368 1.176923
-0.348655696151 0.767207216589 0.538360745556 1.587062 -0.04573132165 0.559794410338 -0.827368638743 2.449796 -0.93613452653 -0.313086737133 -0.160090109844 1.169177
-0.347810589816 0.780229214135 0.51987514561 1.604964 -0.0474920746092 0.539121629662 -0.840887847029 2.454489 -0.936361199784 -0.317159647247 -0.150457507945 1.161182
-0.344082492543 0.805267666544 0.482857353206 1.640839 -0.0538954706432 0.496471675652 -0.866378181581 2.464115 -0.937391335873 -0.324129388507 -0.127426931753 1.145721
-0.343184371888 0.81629497875 0.464636411142 1.658695 -0.0587948668233 0.475039538546 -0.877998064037 2.469142 -0.937426077367 -0.32863345004 -0.115032191094 1.138022
-0.34157539958 0.826726777411 0.447044832107 1.676212 -0.0650870376214 0.453703740587 -0.888772520565 2.474171 -0.937597954315 -0.332679652654 -0.101164839618 1.130576
-0.338603866287 0.84677801311 0.410261402338 1.709686 -0.0735477200638 0.410864711867 -0.90872488764 2.484566 -0.938050187681 -0.337871551118 -0.0768417876948 1.116397
-0.338292296157 0.855477089213 0.392067943338 1.725821 -0.0779558139231 0.38972406498 -0.917626309699 2.489728 -0.937806597032 -0.340989886958 -0.0651512360278 1.109451
-0.336484776197 0.86453477744 0.373306327276 1.741124 -0.0790954858388 0.369074456894 -0.926028050001 2.494839 -0.938361284105 -0.341121186479 -0.0558071377819 1.103078
-0.339778952456 0.871101569373 0.35458753405 1.755595 -0.080236784404 0.348795322746 -0.933757935045 2.499998 -0.937076476013 -0.345722256539 -0.0486189205683 1.096453
-0.344314178232 0.876577959565 0.336242215482 1.76931 -0.0809373222098 0.329093702591 -0.940822238677 2.505119 -0.935359233953 -0.351152980508 -0.0423637550136 1.089821
-0.354339210749 0.886468291118 0.297687239511 1.794595 -0.073358619407 0.29100989423 -0.953903430342 2.515131 -0.932235075871 -0.359843313544 -0.0380861262573 1.077899
-0.360054253758 0.889902099274 0.280062828769 1.806539 -0.0695133577735 0.273771606191 -0.959279417446 2.519999 -0.930338017842 -0.364860742409 -0.0367125483568 1.072447
-0.364363994639 0.892518240968 0.265800806902 1.818528 -0.0660313297299 0.259942506663 -0.963363771752 2.524409 -0.928912666995 -0.368566252889 -0.0357795238451 1.06721
-0.366963987235 0.897235381188 0.245573009139 1.842617 -0.0627334909621 0.239519735029 -0.968862635074 2.531616 -0.928117417779 -0.3709433478 -0.0316084093113 1.056995
-0.364677957109 0.899819651264 0.239446409031 1.854899 -0.0642249805993 0.232235571094 -0.970536857304 2.534565 -0.928916110026 -0.369311839395 -0.0269002939894 1.05224
-0.361958340011 0.902403576086 0.233781834117 1.8672 -0.0629252513289 0.226562390566 -0.971961879873 2.537058 -0.930068047426 -0.366520489261 -0.0252221749727 1.047396
-0.35840701297 0.904510201952 0.231096749479 1.87946 -0.065057020462 0.222741467191 -0.972704386174 2.539136 -0.931295869819 -0.363658539511 -0.0209873652041 1.042516
-0.356155274953 0.906023615171 0.228636455703 1.891631 -0.0658176528835 0.219749491368 -0.973333549002 2.540854 -0.932105925682 -0.361706192643 -0.0186325927114 1.037418
-0.362984584363 0.903606061475 0.227460495867 1.916597 -0.0677196562268 0.217882054884 -0.973622852197 2.543316 -0.92933107108 -0.368813632917 -0.0178959352847 1.025457
-0.366840495897 0.901734069625 0.228700061758 1.929124 -0.0704594594565 0.218201146946 -0.973356935581 2.543991 -0.927611726501 -0.373180823663 -0.0165093218318 1.0196
-0.369861023959 0.899808996982 0.231401365396 1.941407 -0.0745191724992 0.219530177759 -0.972755567439 2.544469 -0.926093794324 -0.377028208499 -0.0141426344733 1.013904
-0.373212154158 0.895857816447 0.241146139716 1.964815 -0.0909888046721 0.223329060678 -0.970487077751 2.543462 -0.923273375232 -0.384139171874 -0.00183608794707 1.003219
-0.373771414644 0.894031246562 0.246987974941 1.975721 -0.100176895625 0.22581904168 -0.969004824548 2.541635 -0.922095179023 -0.386928792655 0.00515657221032 0.998445
-0.372322761928 0.893271101273 0.251877947788 1.985779 -0.106223293016 0.228592826955 -0.967709631804 2.538788 -0.922004540646 -0.387055627909 0.0097758852445 0.994247
-0.369811999498 0.893934060876 0.253221207314 1.994818 -0.101758482571 0.231933534063 -0.967394462979 2.534846 -0.923517350271 -0.383521486468 0.00519356957124 0.990791
-0.367403932599 0.894642350253 0.254223160717 2.003068 -0.0952707532736 0.23570057211 -0.967144624075 2.529949 -0.925169083942 -0.379552770299 -0.00136406648997 0.987562
-0.360541390889 0.897105418233 0.255365960991 2.017981 -0.0771890122925 0.244143844196 -0.966662112489 2.517457 -0.929543846108 -0.368233148858 -0.0187772800076 0.982051
-0.355902582604 0.898546257112 0.256803379115 2.025094 -0.0695984999062 0.248547655677 -0.966115992864 2.51038 -0.931927787174 -0.361716306913 -0.0259212809643 0.97957
-0.353164569155 0.899261943746 0.258075073621 2.032095 -0.0621995700829 0.252671543881 -0.96555077774 2.503167 -0.933491296464 -0.357050483046 -0.0333009306397 0.976926
-0.347470079588 0.900822122171 0.260353697876 2.046049 -0.0535464127056 0.258139000405 -0.964622743956 2.488256 -0.936160950626 -0.349118548171 -0.0414597858873 0.972221
-0.344197438708 0.902892199487 0.257514658405 2.052749 -0.0501459050715 0.256203647688 -0.96532123105 2.480979 -0.93755720433 -0.345174400873 -0.0429082927965 0.969942
-0.339104520628 0.906346575264 0.25207937162 2.059241 -0.0489275923639 0.250601861161 -0.966853038413 2.474048 -0.939475499838 -0.340197872847 -0.0406348682227 0.968038
-0.33390724029 0.910228929392 0.244927031952 2.065657 -0.052961035938 0.241313433009 -0.969001009144 2.467439 -0.941116934049 -0.336528042142 -0.0323696354195 0.96626
-0.326416072679 0.915965538047 0.233365979968 2.071707 -0.056596512985 0.227506553357 -0.972130445412 2.461223 -0.943530276258 -0.330526702838 -0.0224213401874 0.964889
-0.310041110246 0.928765899988 0.203146284677 2.082957 -0.0710619639986 0.190438957435 -0.979123690227 2.450594 -0.948063662013 -0.318004569954 0.00695602315101 0.963052
-0.306376254953 0.934382417859 0.18183258123 2.0877 -0.072014413905 0.167719817891 -0.983200888362 2.446213 -0.94918255072 -0.314323972809 0.0159036324982 0.962986
-0.307865548561 0.937840970931 0.160228328493 2.091926 -0.0732515867557 0.144543698251 -0.986783321877 2.443349 -0.948605823853 -0.315533568006 0.0241983142921 0.963537
-0.320634300461 0.939434100715 0.121066988821 2.099325 -0.0811167749744 0.100112354675 -0.991664048587 2.440695 -0.943723325019 -0.3277820722 0.0441044097423 0.965565
-0.330548014342 0.9376939229 0.107089295312 2.102637 -0.0879955012176 0.0823530596822 -0.992710816566 2.44077 -0.939678031019 -0.337561965448 0.0552912063814 0.969093
-0.341163885873 0.935173393777 0.0951731398394 2.1054 -0.0937081905666 0.0669076863342 -0.993348950032 2.441059 -0.935321323395 -0.347813290546 0.0648069203324 0.97588
-0.352233381587 0.931969223628 0.0858196428962 2.107605 -0.0970639171484 0.0548253876373 -0.993766961042 2.441071 -0.930865318338 -0.358367887905 0.0711492518228 0.986542
-0.360034807689 0.929648024889 0.0782910408206 2.109008 -0.0986558635559 0.0455097465165 -0.994080421072 2.440745 -0.927707905452 -0.365627423469 0.0753301358634 1.001153
-0.368579080583 0.927043076269 0.068851986895 2.108939 -0.105180646445 0.0320019925286 -0.993938078598 2.438756 -0.923626814774 -0.373586679657 0.085711725061 1.037958
-0.369630314705 0.926846021573 0.0658018445469 2.107662 -0.108808309675 0.0271543525041 -0.993691799748 2.436661 -0.922786097748 -0.374458400139 0.0908114770746 1.058158
-0.370865422438 0.926568036316 0.0626937996787 2.105341 -0.109334335843 0.0234761442422 -0.993727766371 2.433877 -0.922228193803 -0.375393852813 0.0925992107122 1.078216
-0.369192152391 0.927637356926 0.056445448422 2.097072 -0.108054638231 0.0174781235767 -0.993991302956 2.425532 -0.923050025605 -0.373072981106 0.0937827329488 1.117333
-0.367415070099 0.928540730795 0.0530874516221 2.091118 -0.105198358158 0.0152230639924 -0.994334734264 2.420258 -0.924088454481 -0.370918278841 0.0920877772386 1.136357
-0.36697005759 0.92898164779 0.0482293987394 2.084189 -0.0960898782631 0.0137134684702 -0.995278190296 2.414354 -0.925256565569 -0.369871651864 0.0842333011305 1.154396
-0.366297008145 0.92950033631 0.0430769848466 2.076432 -0.0841461766539 0.0130156534489 -0.996368412647 2.407632 -0.92668544975 -0.368591532139 0.0734463045816 1.172256
-0.368668978611 0.928758069406 0.0386216613303 2.068144 -0.0729911339068 0.0124963124274 -0.997254298836 2.400398 -0.92669060564 -0.370475762621 0.063184101872 1.189367
-0.36989132033 0.928571448439 0.0305855568617 2.051436 -0.0527450154171 0.0118794278792 -0.998537351601 2.383996 -0.927576613813 -0.370963535051 0.0445834181008 1.221298
-0.370570111943 0.928353947127 0.0289264755502 2.043495 -0.0497732632754 0.0112503488237 -0.998697177284 2.374981 -0.927469899456 -0.371527089866 0.0420381624001 1.235707
-0.371333112837 0.928041711616 0.0291599179013 2.035895 -0.0525463914867 0.0103506701522 -0.998564840343 2.365338 -0.927011648283 -0.372332438996 0.0449216965269 1.249409
-0.374028968719 0.926896450412 0.0310692898714 2.020974 -0.0612471052903 0.00874054566374 -0.998084362644 2.344213 -0.925392415493 -0.375215368922 0.0535005072109 1.274661
-0.373640857212 0.927080830782 0.0302265283923 2.013491 -0.059220769421 0.00867781824244 -0.998207190888 2.332426 -0.92568105214 -0.374761028747 0.0516600526675 1.2869
-0.371724485239 0.927885392991 0.0291479767227 2.006089 -0.0565234549076 0.00871779584796 -0.99836321 2.320117 -0.926620745569 -0.372763594667 0.0492066699962 1.298694
-0.37090491629 0.928247789135 0.0280282899619 1.998989 -0.0536335160296 0.00871959700325 -0.998522615961 2.307153 -0.92712080606 -0.371860203026 0.0465510512814 1.309591
-0.368761848573 0.929152209602 0.0262844141905 1.992054 -0.049477380093 0.00861632257203 -0.998738077698 2.293481 -0.928206166698 -0.369596983723 0.0427946459991 1.319825
-0.36420183064 0.93106383518 0.0218440238668 1.978885 -0.0427464441008 0.00671836938956 -0.999063363871 2.264417 -0.930338523375 -0.364794460392 0.0373528257542 1.339439
-0.360337876011 0.932640215799 0.0184076882674 1.972623 -0.0430597666903 0.00308207031218 -0.999067744117 2.249199 -0.93182749026 -0.360794579668 0.0390486834283 1.348754
-0.353509117925 0.935366780468 0.010967658892 1.966433 -0.0432365693519 -0.00462624548955 -0.999054151147 2.233699 -0.934431325789 -0.353648955675 0.0420774706354 1.358192
-0.33687793208 0.941475346646 -0.0117230770211 1.954521 -0.0434134134744 -0.0279693513559 -0.998665605153 2.202621 -0.940546933655 -0.335919465113 0.0502949157463 1.375069
-0.338051865311 0.940792104717 -0.0251227399469 1.948861 -0.0416144370554 -0.0416107207803 -0.99826689144 2.187651 -0.940206985184 -0.336420516049 0.0532171156006 1.381794
-0.344246189919 0.938158108555 -0.0367957073312 1.94368 -0.0410795356398 -0.0542040628163 -0.997684514927 2.173103 -0.937980294291 -0.341937542435 0.0571986415588 1.387342
-0.352194224163 0.93471969122 -0.0475218614063 1.938977 -0.0381080854981 -0.0650548516459 -0.997153769535 2.15846 -0.935150791202 -0.349380831074 0.0585323209132 1.392858
-0.358438034771 0.931795569861 -0.0572642228309 1.934768 -0.0354423343463 -0.0748782969261 -0.996562633047 2.143655 -0.932880494043 -0.355176373984 0.0598642397266 1.398521
-0.364288440055 0.92830608675 -0.0744428757189 1.928103 -0.0310386978527 -0.0919936079152 -0.995275728298 2.113066 -0.930768785294 -0.360256832559 0.0623256200639 1.410698
-0.363766189813 0.92786955171 -0.0820503147909 1.925792 -0.0273165485463 -0.0986733182581 -0.994744883093 2.097167 -0.931089665566 -0.359613224552 0.0612402106729 1.417116
-0.359114887249 0.929105233914 -0.0883173939292 1.924194 -0.0261314918249 -0.10460254952 -0.994170735723 2.080576 -0.932927458537 -0.354713646408 0.0618432386014 1.423695
-0.343976831087 0.933797193481 -0.0985024929723 1.923002 -0.0245873640326 -0.113825371844 -0.993196479179 2.046209 -0.938656167723 -0.339214660902 0.062112902233 1.437336
-0.336844690627 0.936113602153 -0.101128523472 1.923408 -0.0266113616398 -0.116827542814 -0.992795628854 2.028731 -0.941184089234 -0.331726768747 0.0642639951187 1.444095
-0.332668425808 0.937365816816 -0.103329782422 1.924423 -0.0281764846364 -0.119401276073 -0.992446180398 2.011284 -0.942622832412 -0.327244038505 0.0661327080869 1.450474
-0.33058432338 0.938154765971 -0.102857378063 1.926258 -0.0334319500813 -0.120557223308 -0.992143266178 1.994068 -0.943184133587 -0.324548287616 0.0712186714004 1.456687
-0.329727389458 0.938561330796 -0.101894440359 1.92852 -0.0425739954619 -0.122603017226 -0.991542210437 1.977234 -0.943115742394 -0.322600571143 0.0803838786475 1.462973
-0.330117492304 0.937752067572 -0.107905055674 1.932932 -0.0599430374035 -0.134908800444 -0.989043198162 1.945422 -0.942034645616 -0.32003230357 0.100747462154 1.476093
-0.332578269721 0.935945579321 -0.115747859845 1.934528 -0.069647347271 -0.146774919083 -0.986714938646 1.930725 -0.940500367638 -0.320098415612 0.114000275417 1.482921
-0.334536598053 0.933785508811 -0.127003496398 1.935289 -0.0779982940535 -0.161742108798 -0.983745778322 1.916621 -0.939149365483 -0.319192909971 0.126942331538 1.490249
-0.336633229385 0.928054465592 -0.159351742285 1.933523 -0.0862446505807 -0.198904940037 -0.976216515469 1.89013 -0.93767794531 -0.314883682849 0.14699774541 1.506525
-0.335266221731 0.924612923342 -0.180796854384 1.93086 -0.0843064517735 -0.220577555052 -0.971719076892 1.877764 -0.938343744454 -0.310542242209 0.151903038312 1.515516
-0.333160049606 0.920536250184 -0.204003415273 1.927079 -0.0821143393303 -0.243869702885 -0.966325412732 1.866005 -0.939287824164 -0.305189416775 0.156836868324 1.524983
-0.330081487004 0.915404787187 -0.230391596053 1.922043 -0.0774578297157 -0.26951442835 -0.959876167809 1.854427 -0.940769098426 -0.298991719795 0.159866991406 1.53488
-0.327305704431 0.908977047726 -0.258131173154 1.916264 -0.0724540983674 -0.296516402769 -0.952275394263 1.843697 -0.942136603406 -0.29298250732 0.162910622513 1.544867
-0.322131933006 0.893409669003 -0.313129655366 1.903632 -0.0674759014359 -0.351587425767 -0.933720131928 1.82433 -0.944287043469 -0.279652365222 0.17354115985 1.564303
-0.321071247009 0.885407034984 -0.336106585394 1.897269 -0.0680186239696 -0.375538717913 -0.924307382931 1.815468 -0.944609295496 -0.273907016612 0.180798852633 1.573514
-0.321176650194 0.877657195414 -0.355757511107 1.890849 -0.0674494093397 -0.395905920424 -0.915810613256 1.807227 -0.944614279243 -0.270141350985 0.186353196747 1.581169
-0.325189227512 0.863573118486 -0.38534845963 1.87837 -0.0659558393549 -0.42721625854 -0.90174059224 1.792693 -0.943346062463 -0.267820345508 0.195883814969 1.587577
-0.325988648542 0.857871295656 -0.397225680327 1.872115 -0.0622005690961 -0.438731130212 -0.89646309717 1.786064 -0.943325230356 -0.267529130138 0.196381451012 1.586159
-0.32769471869 0.853272611236 -0.40563779688 1.866172 -0.061393290794 -0.447668717414 -0.892089448034 1.7798 -0.942786845044 -0.267429561499 0.199083887968 1.581225
-0.328840782313 0.850149880528 -0.411228550232 1.860385 -0.0630281328643 -0.454231656615 -0.888651257016 1.773552 -0.942279785603 -0.266305806859 0.202953252937 1.573924
-0.329116549253 0.84822963859 -0.414956355808 1.854486 -0.0652725283136 -0.458822066053 -0.886127422412 1.76779 -0.942030675751 -0.264553948979 0.206372028202 1.567278
-0.329319286635 0.846313122509 -0.418691898798 1.841934 -0.0685205361783 -0.463677951057 -0.883350266783 1.758591 -0.941729124309 -0.262215286307 0.210687920999 1.561661
-0.328689250755 0.846690550563 -0.418423813885 1.835264 -0.0720481036131 -0.464228342651 -0.882780333178 1.755066 -0.941685959969 -0.260013763997 0.21358931464 1.563779
-0.330084067484 0.846482289464 -0.417746624184 1.827832 -0.0741913139899 -0.464446521957 -0.882488003981 1.751549 -0.941031432696 -0.260302058897 0.216108030421 1.569436
-0.331011206727 0.845961810888 -0.418067214142 1.811982 -0.0674891578294 -0.463132344883 -0.883715816707 1.746032 -0.941210281816 -0.264304834694 0.210395246527 1.586722
-0.33214896697 0.84544371097 -0.418212858867 1.803667 -0.0634540423567 -0.462409058425 -0.88439326501 1.74408 -0.941090138217 -0.267213012907 0.207235512119 1.594542
-0.333524023471 0.843812681579 -0.420406807954 1.795206 -0.0570660812297 -0.463193235629 -0.884418164016 1.742618 -0.941012852272 -0.270983735441 0.202639154621 1.599113
-0.334575378654 0.840922821586 -0.425332956792 1.786456 -0.0494870922588 -0.466399970667 -0.883188595409 1.741587 -0.941068724216 -0.274444667459 0.197660772045 1.600583
-0.335350915171 0.837275422929 -0.431867606857 1.777476 -0.0439085946939 -0.471805491408 -0.880608660864 1.740703 -0.941069497437 -0.276350220618 0.194983990519 1.598728
-0.34074535874 0.827117121774 -0.446956225334 1.759989 -0.0406165571323 -0.487913697904 -0.871946396681 1.740486 -0.939277858668 -0.278957864677 0.199848977858 1.584298
