-0.411904558981 -0.712385901024 0.568190955852 4.677072 -0.0206785206402 0.630691994842 0.77575769827 -1.749469 -0.910992334257 0.307788784174 -0.274515994547 0.568555
-0.411698603088 -0.71167169212 0.569234277649 4.677146 -0.0124651486755 0.628965233604 0.7773334902 -1.74958 -0.911234810729 0.312931522146 -0.267815201516 0.569104
-0.410600776917 -0.710684484574 0.571257004666 4.676949 -0.00783832620174 0.629233178171 0.777177050698 -1.749374 -0.911781532297 0.314631802071 -0.263934208635 0.570228
-0.406442219405 -0.712437020142 0.572047388435 4.677106 -0.00952865887896 0.629365133248 0.777051307001 -1.749224 -0.913626798504 0.310375613382 -0.262589130911 0.572021
-0.396437385404 -0.719840054137 0.569796188048 4.677687 -0.0277923404902 0.629776846867 0.776278757252 -1.749262 -0.917640989311 0.291909951201 -0.269673126443 0.574909
-0.377234457988 -0.730358674582 0.56944742529 4.678902 -0.0600098832136 0.632860545958 0.771936748242 -1.749989 -0.92417150877 0.257028667336 -0.282565543802 0.579736
-0.353474187951 -0.740033693835 0.572194137021 4.680539 -0.096887917474 0.637354860542 0.764455043277 -1.751542 -0.930413203851 0.214776427321 -0.296988815223 0.58563
-0.337527953869 -0.747438812758 0.572197607073 4.68152 -0.13035873281 0.63912846866 0.757971900092 -1.752781 -0.932245397488 0.181245749553 -0.313158900771 0.590944
-0.340023890596 -0.747741044757 0.57032191244 4.682315 -0.142109020482 0.640346960766 0.754825010274 -1.753778 -0.929617545081 0.175610648376 -0.323994012375 0.594781
-0.397611056493 -0.731960104116 0.55329906356 4.681549 -0.0784907859912 0.627938044378 0.774295169129 -1.751623 -0.914190704541 0.264439441848 -0.307127233124 0.603542
-0.406443799868 -0.727565773074 0.552676653568 4.681389 -0.0551858166019 0.623337862611 0.780002842739 -1.750596 -0.912007655228 0.286527406867 -0.2935031208 0.608319
-0.403957394455 -0.726609540075 0.555749043847 4.681657 -0.0444811389007 0.622406935106 0.781428842195 -1.750011 -0.913695710698 0.290943608631 -0.283746303675 0.614284
-0.39601471748 -0.729437782951 0.557756993989 4.681816 -0.0467109021105 0.622633444419 0.781118227616 -1.749405 -0.917055306491 0.28328098188 -0.28064470446 0.621029
-0.396194811868 -0.730716910916 0.555951856864 4.681701 -0.0501867801275 0.62183176482 0.781541133506 -1.748564 -0.916793847137 0.281741108755 -0.28303884802 0.628401
-0.406835140519 -0.728862754009 0.550676179126 4.681208 -0.0473724890053 0.618841347407 0.784086241446 -1.747294 -0.912272445996 0.292906934977 -0.286294449332 0.636872
-0.418544984455 -0.726567772824 0.544903080814 4.680459 -0.0420075273759 0.614829490555 0.787540516537 -1.745514 -0.907224042688 0.306731102167 -0.287855115174 0.647468
-0.423471673791 -0.72584044425 0.542058475617 4.679939 -0.0359869664352 0.611364595397 0.790530372435 -1.743704 -0.905194277348 0.315260179829 -0.285016384214 0.661032
-0.385258474745 -0.744181312936 0.545683132518 4.680239 -0.0631382678499 0.611199762129 0.788953997332 -1.738569 -0.920646222373 0.269497725874 -0.282456207187 0.715283
-0.377804609242 -0.749819168935 0.543171143502 4.680164 -0.0703933551192 0.608214262693 0.790645423823 -1.736965 -0.923205531174 0.260473846201 -0.282568438886 0.734817
-0.37762369614 -0.753265763581 0.538508155491 4.679854 -0.0692689960906 0.602919040667 0.794789554902 -1.73514 -0.92336458146 0.262829450058 -0.279854479842 0.754468
-0.377545968608 -0.756609843231 0.533854462109 4.679541 -0.0675740423907 0.597496966416 0.799018850791 -1.733333 -0.923521949053 0.265591641905 -0.276709756545 0.774651
-0.369130247583 -0.762260622376 0.531696909804 4.679426 -0.0746446392981 0.594567992794 0.800572969672 -1.731802 -0.926375214556 0.255827374455 -0.276371699593 0.795823
-0.356509907464 -0.768329969861 0.53157289556 4.679594 -0.0906044864748 0.594708361686 0.798819623927 -1.730638 -0.929887903411 0.23662422098 -0.281633565355 0.817468
-0.346728510755 -0.773917011097 0.52993565625 4.679652 -0.104592381469 0.593361964083 0.798111529373 -1.729603 -0.932115751164 0.221300789683 -0.286681333395 0.839007
-0.343597937214 -0.778603538134 0.525087600261 4.67916 -0.111080560897 0.588899106324 0.80053666472 -1.728192 -0.932524298093 0.216735721505 -0.288832235892 0.859759
-0.352059877096 -0.778846739172 0.519087275725 4.676397 -0.0827026105137 0.578310074105 0.811614278092 -1.724527 -0.932316534849 0.242806950208 -0.268012432132 0.920101
-0.342553780684 -0.780867558156 0.522400960909 4.675846 -0.0826875511486 0.578943187941 0.811164319988 -1.723936 -0.935852379504 0.234671348393 -0.262887203986 0.940558
-0.330024869207 -0.784541687791 0.524955165536 4.675756 -0.0935888395851 0.580566734482 0.808816045784 -1.723813 -0.939321411877 0.217799464946 -0.26502580678 0.961084
-0.31575940013 -0.790926892638 0.524147547673 4.675607 -0.116745756931 0.580597124708 0.805777517072 -1.723594 -0.941629666837 0.193239823233 -0.275666358573 0.980776
-0.307468010099 -0.796756458806 0.520233186289 4.675362 -0.137148527051 0.578114725638 0.804346719722 -1.723467 -0.941622909818 0.17596167012 -0.287025759045 0.998837
-0.304956059957 -0.800003986913 0.516715997835 4.675267 -0.143622433079 0.574986708446 0.805458181302 -1.723895 -0.94147458713 0.17141734461 -0.290244200209 1.015009
-0.301278703784 -0.803149171779 0.513986916679 4.67508 -0.148381757094 0.571954608848 0.806753233386 -1.725136 -0.941920377106 0.166791286607 -0.291490428494 1.027828
-0.289217413195 -0.803697753155 0.520022316327 4.67558 -0.150674859849 0.574687195806 0.804382815322 -1.72743 -0.945330828078 0.154287227435 -0.287306590485 1.037439
-0.249452283134 -0.801857146979 0.542953657579 4.678109 -0.152708035695 0.586235509545 0.795618113911 -1.733134 -0.956270785015 0.115555368495 -0.268687816134 1.039982
-0.257818914313 -0.799881869175 0.541957934518 4.678335 -0.144426322862 0.586523794123 0.796950987321 -1.733276 -0.955337869388 0.127196046684 -0.266740924909 1.031648
-0.275061667508 -0.796303760901 0.538740567846 4.678259 -0.127823889146 0.585670053895 0.800407172216 -1.732828 -0.952891458893 0.151297416852 -0.262882025293 1.020302
-0.295580327023 -0.791062493539 0.535586035659 4.678199 -0.10746642092 0.584611453681 0.804164421372 -1.732413 -0.949254043263 0.180137668303 -0.257812299565 1.007209
-0.310639518462 -0.787856325011 0.531775799289 4.678164 -0.0946285229438 0.582306733049 0.80744307 -1.732298 -0.945805758185 0.200502568026 -0.255441163479 0.993193
-0.318068638122 -0.785936978812 0.530222035358 4.678467 -0.088796011508 0.581503427759 0.808683517728 -1.732997 -0.943900211772 0.210135263202 -0.254746072346 0.978872
-0.318589188271 -0.784521474786 0.532002805178 4.679173 -0.089437711364 0.583623196854 0.807084171496 -1.733361 -0.943664042391 0.209547177729 -0.256101845763 0.961491
-0.31646991038 -0.783823835419 0.534291110588 4.679352 -0.0894030449149 0.585378476561 0.805815819365 -1.735018 -0.944380162532 0.20724920798 -0.255330911579 0.945129
-0.329847689529 -0.775677406645 0.538075331653 4.679239 -0.0720275220872 0.588991437603 0.804923053771 -1.741236 -0.941282390027 0.2267457767 -0.250147586385 0.887783
-0.334158769643 -0.774924098838 0.536498422841 4.679293 -0.0673881759438 0.58740560722 0.80648216741 -1.74319 -0.94010464865 0.233339438689 -0.248507456506 0.866946
-0.334197333877 -0.773931685587 0.537905092069 4.679661 -0.0622998819166 0.587611091591 0.806741550779 -1.74535 -0.94044184655 0.236099451679 -0.24459391279 0.845037
-0.334460102613 -0.773041838476 0.539020181186 4.679773 -0.0578639674401 0.587725409547 0.806988602302 -1.74751 -0.940631809494 0.23871564452 -0.241301968557 0.822322
-0.335774021003 -0.769760295843 0.54288570967 4.679881 -0.0456098319956 0.588957433603 0.806876003255 -1.750102 -0.940837685281 0.246167074053 -0.232865243451 0.799413
-0.339605590084 -0.765267739514 0.546839400595 4.679917 -0.0337640509509 0.590936927092 0.806010878997 -1.752886 -0.939961718395 0.255262286792 -0.226524022775 0.776421
-0.341311223895 -0.761950835975 0.550397648977 4.679766 -0.0264423579235 0.593111971049 0.804685647632 -1.755603 -0.939578336357 0.26009443161 -0.222583549471 0.754393
-0.342276821889 -0.760311144477 0.552062986245 4.679636 -0.0210410373086 0.59360652926 0.804480306265 -1.757897 -0.939363535564 0.26373898461 -0.219175491445 0.734594
-0.368952681512 -0.753599902814 0.544023074221 4.678663 0.0233748935411 0.577609876293 0.815978213656 -1.760955 -0.92915420311 0.313773831427 -0.195495395225 0.701421
-0.375004621873 -0.753638698896 0.539815010073 4.67815 0.0320515635341 0.571421482584 0.820030600964 -1.760478 -0.926468688542 0.324817180531 -0.190130398367 0.703597
-0.372200016964 -0.756572701226 0.537647556613 4.67804 0.0311035973951 0.568773875847 0.821905617685 -1.760133 -0.927631237939 0.322636057987 -0.18816551354 0.713873
-0.359215597817 -0.763835355584 0.536208638353 4.677983 0.0188143930549 0.568513816635 0.822458545404 -1.759794 -0.933064934985 0.305528378148 -0.189847931901 0.731248
-0.343924345093 -0.772215367949 0.534227919857 4.677555 0.00310593632181 0.567995762272 0.823025617585 -1.75939 -0.938992224681 0.284717824423 -0.192949118795 0.753478
-0.333091669955 -0.77758186939 0.533307018332 4.677161 -0.005444360332 0.567182948562 0.823573835063 -1.75896 -0.942878729396 0.271422068477 -0.193157351391 0.779114
-0.328121727862 -0.784971731858 0.525505006531 4.675996 -0.0232490330944 0.56284670993 0.826234266768 -1.757838 -0.944349307283 0.258887931942 -0.202932068756 0.805749
-0.317643954481 -0.792800833612 0.52016262496 4.675405 -0.0408476990027 0.559504924971 0.82781985022 -1.757184 -0.947329817787 0.241704524485 -0.21010744674 0.833549
-0.252886385044 -0.818946420562 0.515145840038 4.673507 -0.110901357068 0.553479958396 0.825445833871 -1.755533 -0.961118809128 0.151613640229 -0.23078981528 0.914182
-0.243960268915 -0.822546467483 0.513712659005 4.673336 -0.122424763755 0.551601618524 0.825074440073 -1.753457 -0.962026800256 0.138394231358 -0.235268936148 0.943963
-0.252699948912 -0.822375005378 0.509747080766 4.670895 -0.12616538628 0.550355138738 0.82534327196 -1.750598 -0.959283603073 0.14425176531 -0.242829975663 0.962884
-0.264885186703 -0.821542059253 0.504880661883 4.667587 -0.12894244138 0.549058001137 0.825777910941 -1.746743 -0.955620052467 0.153635790967 -0.251368969958 0.978635
-0.270055757469 -0.820189840179 0.504339681093 4.663979 -0.132461194148 0.550469051649 0.824280204313 -1.74339 -0.953689634998 0.155796178528 -0.257300662364 0.991118
-0.261136394897 -0.822018008668 0.506057483578 4.660196 -0.139030094024 0.550810006397 0.822969604426 -1.741241 -0.955237361191 0.144550096086 -0.258121780379 1.000219
-0.246163278768 -0.823992366532 0.510333440099 4.657422 -0.150766833262 0.552680208082 0.819642574286 -1.740038 -0.957430416361 0.124824546832 -0.260280291866 1.00512
-0.232304676356 -0.827926406371 0.510462930071 4.655851 -0.159725416484 0.550168064063 0.819635829264 -1.739609 -0.959438548669 0.108871331941 -0.260047504139 1.005954
-0.240697253905 -0.831482576864 0.500701064843 4.663347 -0.129334283243 0.538743274609 0.832483229406 -1.743888 -0.961944632056 0.1356186139 -0.237213229866 0.987626
-0.25013196937 -0.827960022662 0.501912540959 4.66982 -0.119264980901 0.540791550128 0.832658611701 -1.747262 -0.960838104068 0.148413948746 -0.234015891742 0.97672
-0.254785922411 -0.820758930379 0.511310973815 4.679079 -0.110034740694 0.549934679318 0.827927656455 -1.753098 -0.960716654161 0.154682341221 -0.230427610613 0.965904
-0.256544042969 -0.812328794489 0.523743337581 4.690007 -0.106779890169 0.562382077291 0.819953934192 -1.760761 -0.960616057055 0.154429041263 -0.231016151258 0.954875
-0.260294397846 -0.799806653431 0.540884593585 4.702377 -0.0978983292704 0.579170104879 0.809307053436 -1.770373 -0.9605533528 0.157706394106 -0.22905446881 0.94265
-0.270234392467 -0.787453065147 0.553977475461 4.71609 -0.088508219403 0.593266552608 0.800125673038 -1.782121 -0.958717720826 0.167189915209 -0.230017095075 0.929831
-0.280554946393 -0.774708865058 0.566670183135 4.730724 -0.0791317262757 0.607039890208 0.790721658735 -1.795366 -0.95657048457 0.176999282758 -0.231612093709 0.917242
-0.289057221414 -0.758408377951 0.584176903859 4.745965 -0.0679351526607 0.624938675329 0.777712329278 -1.810984 -0.954898286616 0.185117217816 -0.23216562598 0.905642
-0.300859478827 -0.716246997108 0.629661665606 4.790089 -0.078568592679 0.676623392685 0.732125508855 -1.865509 -0.950426509649 0.1707952681 -0.259843079859 0.875186
-0.308365218899 -0.70760373896 0.635773419059 4.802602 -0.0899910858472 0.687045206778 0.721020449302 -1.884475 -0.947001845954 0.165123688346 -0.2755388744 0.865256
-0.315948513539 -0.697723669268 0.642929403694 4.813876 -0.0963704841478 0.697736135304 0.709842951135 -1.903516 -0.943869305877 0.162314407351 -0.287688662601 0.855515
-0.322745188409 -0.683726471386 0.654487322784 4.824415 -0.0953581594561 0.711462839549 0.696223706409 -1.922452 -0.941669987195 0.162292144812 -0.294820106079 0.845775
-0.326273863834 -0.668725186881 0.668095794187 4.834721 -0.0894145762849 0.725438181758 0.682454744284 -1.939484 -0.941036874584 0.162929643954 -0.296485297771 0.836204
-0.331548245363 -0.65286642244 0.681058878107 4.844675 -0.0778409840787 0.738358979195 0.669900588923 -1.95417 -0.940221538891 0.169090071538 -0.295621388795 0.826658
-0.337154503267 -0.640898229792 0.689620402813 4.853661 -0.0713315586858 0.747793957862 0.660087876968 -1.964565 -0.938743122298 0.173359902037 -0.297838370099 0.817758
-0.338417951611 -0.632100084298 0.697081611763 4.861145 -0.0682719274147 0.75533226998 0.651776116357 -1.969773 -0.938515974267 0.172981633006 -0.298772690666 0.810631
-0.343904597661 -0.626824732929 0.699156907922 4.872876 -0.0549724588947 0.756735196003 0.651406072963 -1.950083 -0.937394077467 0.185587169054 -0.294702809983 0.800206
-0.349378485722 -0.627639340762 0.695703623422 4.874202 -0.0457662582174 0.753039269186 0.656381983812 -1.934651 -0.935863303759 0.197485991887 -0.291820423694 0.799186
-0.346306111369 -0.628131373442 0.696794844216 4.874997 -0.0427931247539 0.752559313069 0.657132580829 -1.916405 -0.937145039843 0.197751000024 -0.287495593509 0.799928
-0.331080824707 -0.630630213947 0.701919525849 4.875216 -0.0512334178276 0.754788751022 0.653964126102 -1.895595 -0.942210498991 0.18055324585 -0.282205423414 0.802113
-0.319109887619 -0.63239890322 0.705861535168 4.874458 -0.0607192337385 0.75691391929 0.650687708074 -1.872569 -0.945770613985 0.164781509858 -0.279937492543 0.804448
-0.319790643892 -0.634524149967 0.703642698525 4.872095 -0.0707730048273 0.756562229818 0.650080590543 -1.847555 -0.944841323116 0.158090782532 -0.286848703347 0.80569
-0.325192108709 -0.637616501696 0.698351837686 4.868515 -0.0802138236724 0.754427719601 0.651463397583 -1.821396 -0.942239796934 0.155833284837 -0.296479598643 0.806215
-0.330727532384 -0.639597088967 0.693927130979 4.863636 -0.0875972713081 0.752936440348 0.652237253502 -1.795519 -0.939652072515 0.154926694219 -0.305043770688 0.806713
-0.326326379382 -0.650277664874 0.68603939587 4.840856 -0.118663227043 0.748210352951 0.652763591421 -1.722516 -0.937779362466 0.131606330788 -0.321324821683 0.810213
-0.330006964745 -0.652708337007 0.681958378511 4.829674 -0.12363619798 0.746092601711 0.654262883114 -1.70035 -0.935846939285 0.131596567102 -0.326914132087 0.81179
-0.33702655351 -0.654409074955 0.676876550669 4.816823 -0.12418472049 0.743555488472 0.657041391969 -1.679164 -0.933269123793 0.137382670598 -0.331865551683 0.813759
-0.346882109335 -0.656830714606 0.669511922652 4.802794 -0.124592110608 0.73977885936 0.661214069133 -1.658603 -0.929596476003 0.145947427502 -0.338451976221 0.815859
-0.358074534189 -0.656679757567 0.663742663965 4.788695 -0.119616958484 0.737284598364 0.664908417948 -1.638733 -0.925999142121 0.158691893356 -0.342552874422 0.819173
-0.364286626252 -0.65556578462 0.661459564879 4.774684 -0.113375228877 0.73619946614 0.667200422311 -1.619938 -0.924359946888 0.168059061317 -0.342512540644 0.824123
-0.363481112179 -0.655131735546 0.662332159999 4.760758 -0.110054214939 0.736178847985 0.667778985558 -1.602931 -0.925078132302 0.169832602463 -0.339687115265 0.829742
-0.355967474633 -0.656533336819 0.665019649821 4.747547 -0.110802995533 0.736265257925 0.667559859603 -1.587459 -0.927906166153 0.163943428101 -0.33483234491 0.834805
-0.360674944353 -0.656871966172 0.662142586286 4.712149 -0.0968626060197 0.732467944053 0.673875616482 -1.549968 -0.927648220001 0.178913194011 -0.327809165426 0.838829
-0.367208182874 -0.65810461355 0.657310024307 4.702512 -0.0904249453681 0.728590213298 0.67895480729 -1.541364 -0.925732941882 0.189880538001 -0.327053362012 0.836641
-0.372573392658 -0.65755937155 0.654831840986 4.694942 -0.0849618981494 0.726841895463 0.681529408656 -1.536025 -0.924105266161 0.198283967801 -0.326669443272 0.833302
-0.378483674944 -0.655954308737 0.653049808706 4.689546 -0.0806471472719 0.726222786004 0.682712606244 -1.534402 -0.922087927173 0.205728972043 -0.327764312615 0.829072
-0.377378828946 -0.655106480817 0.654538553681 4.687155 -0.0771666863001 0.726587438804 0.682726882654 -1.536157 -0.922838296772 0.207138100223 -0.324751113081 0.824436
-0.372377720459 -0.654271858668 0.658227292248 4.686527 -0.0770902288654 0.728589236983 0.680598868913 -1.540941 -0.924874007592 0.202696962748 -0.321748366544 0.818909
-0.369316540492 -0.651283957645 0.662898558931 4.687179 -0.0746569878388 0.731815979444 0.67740069855 -1.548297 -0.92629996604 0.200685272863 -0.318894644311 0.813339
-0.371710172624 -0.644375514967 0.668290163985 4.689527 -0.0656736878363 0.736318202419 0.673440770604 -1.558255 -0.926022955598 0.20643570548 -0.316015482547 0.807772
-0.39215837979 -0.62396830834 0.67592555459 4.707353 -0.0432954619236 0.746488609201 0.663988146965 -1.596587 -0.918878287989 0.231124006802 -0.319756759651 0.796956
-0.388976727198 -0.617851947463 0.683341844698 4.717441 -0.0401314260992 0.752417097792 0.657463291439 -1.612617 -0.920373062588 0.228314436615 -0.317468019956 0.796859
-0.380986399574 -0.612476222615 0.692619838057 4.727913 -0.0465280286394 0.760869259165 0.647234975112 -1.6303 -0.923409175767 0.214361487185 -0.318378150823 0.796203
-0.373816500213 -0.609379050432 0.699226999667 4.737361 -0.0582103574918 0.767809217327 0.638028651448 -1.648395 -0.925674229116 0.197803383902 -0.322491926826 0.794632
-0.374587038036 -0.606411556939 0.70139117085 4.745137 -0.0660789803248 0.772004769385 0.632172606498 -1.666877 -0.924834103661 0.190456450817 -0.329254037253 0.791822
-0.379265779646 -0.601779407301 0.702864861362 4.75178 -0.0596898413784 0.77394747734 0.630430349171 -1.685238 -0.923360488231 0.197146765806 -0.329451910765 0.789743
-0.390314345155 -0.592659782187 0.704563052214 4.757277 -0.0424301300408 0.776028418584 0.629269082042 -1.704193 -0.919703428302 0.215718047756 -0.328041655649 0.788885
-0.402134140894 -0.584539294284 0.704699897946 4.761983 -0.0275837131589 0.777060638275 0.628821042278 -1.722995 -0.915165160775 0.233432169765 -0.328606376419 0.790655
-0.38460468619 -0.565551360244 0.729541564468 4.784145 -0.0100576219602 0.792853413873 0.609329392324 -1.783756 -0.923026586617 0.227013486462 -0.310623240218 0.814556
-0.369335483078 -0.563846078409 0.738694050878 4.793982 -0.0209362565946 0.799743154353 0.599977133085 -1.806531 -0.929060263976 0.20612735609 -0.307178350429 0.823424
-0.35562045214 -0.563992251704 0.74528305632 4.803592 -0.0329430769077 0.804477721305 0.593068587608 -1.830232 -0.934049703016 0.186355402233 -0.30466837111 0.829498
-0.351474013447 -0.559976458328 0.750261543724 4.812916 -0.0362562811109 0.808932702151 0.586782212981 -1.854373 -0.935495323319 0.17903700598 -0.304621487322 0.831844
-0.34958464925 -0.552142767428 0.756920694251 4.821801 -0.0291381693113 0.813911496972 0.580257737722 -1.877887 -0.936451568474 0.180793914372 -0.300619394631 0.831256
-0.351867082898 -0.542777270252 0.762615493463 4.82969 -0.0193686327183 0.818764046634 0.573803356566 -1.900094 -0.935849566992 0.187131693834 -0.298608970266 0.828066
-0.356063477031 -0.536684037675 0.764976499005 4.835921 -0.0135956205185 0.821516517048 0.570022605973 -1.919187 -0.934362862825 0.192563900883 -0.299808580013 0.82341
-0.361118882991 -0.529788719737 0.767409320237 4.840636 -0.00610019859048 0.824266073767 0.56616978656 -1.935371 -0.93249983374 0.199773251652 -0.300889860247 0.819248
-0.371136964972 -0.520074619827 0.769272216477 4.84184 -0.0257403386648 0.833884720223 0.551338107103 -1.953975 -0.92822130346 0.184820624366 -0.322872341045 0.8205
-0.36910264578 -0.527422770219 0.765237517593 4.837821 -0.0390352736876 0.831448425714 0.554228980463 -1.950219 -0.928568513512 0.174696127122 -0.327477905946 0.825512
-0.367496577585 -0.537275431897 0.759131988355 4.831631 -0.0505428944295 0.826580606771 0.560544303631 -1.942777 -0.928650462384 0.167629385223 -0.33092099952 0.831711
-0.367500538159 -0.548559420421 0.751016588845 4.823656 -0.0603225729541 0.819883692594 0.569343409386 -1.932338 -0.928064944735 0.163930756376 -0.334398213914 0.838868
-0.364064901319 -0.564195182861 0.741040176552 4.814117 -0.0744275124175 0.810721326612 0.580681906014 -1.918776 -0.928395009155 0.156252123868 -0.337146823748 0.846485
-0.355272189999 -0.581856951808 0.731590157565 4.803482 -0.0946627830425 0.801019422491 0.591106455978 -1.902687 -0.929957326182 0.140749324777 -0.339660122851 0.853207
-0.340657974984 -0.599372639124 0.724364951906 4.791845 -0.119497491025 0.791801451409 0.598974800125 -1.885187 -0.932562326989 0.117485748138 -0.341357005591 0.857192
-0.322697472057 -0.614335350001 0.720040567793 4.779846 -0.141768174618 0.78352826817 0.604967137656 -1.866853 -0.935824837346 0.093142529052 -0.339935792596 0.85774
-0.30844166792 -0.638244647622 0.705342120728 4.743663 -0.160777276165 0.765805622169 0.622649513389 -1.814692 -0.937557680871 0.0786480695043 -0.338821599376 0.83285
-0.316554812206 -0.640098923786 0.700047440276 4.732471 -0.15010423813 0.762503429398 0.629330785717 -1.800265 -0.936622532595 0.0941376010108 -0.337455691183 0.817552
-0.328599189696 -0.642485066908 0.692268380999 4.721648 -0.138612274514 0.757840055689 0.637546145269 -1.787283 -0.934242586208 0.113540251865 -0.338081944684 0.800158
-0.342423689831 -0.643430575974 0.684648165516 4.71025 -0.124915425446 0.753409998236 0.645576882365 -1.773532 -0.931204678429 0.135537701253 -0.338359835694 0.780676
-0.351884865991 -0.64492069363 0.678420474348 4.700805 -0.114627143414 0.74900916756 0.652568682135 -1.76353 -0.928998201871 0.151863642255 -0.337490407392 0.76152
-0.359616064816 -0.646779179209 0.672571913827 4.692044 -0.1107082795 0.745276055112 0.657500782149 -1.755082 -0.926509558923 0.16198856447 -0.339617052287 0.741458
-0.36705824898 -0.644272996807 0.670954951871 4.684546 -0.101228921234 0.744686304136 0.659693121033 -1.748422 -0.924673427412 0.174225755896 -0.338562311282 0.721786
-0.378069339793 -0.638980929008 0.669900699114 4.677957 -0.0889553010909 0.745334411901 0.660729573157 -1.742811 -0.921493640084 0.190210375115 -0.338628829964 0.702461
-0.416585875797 -0.615366979472 0.66916342448 4.664665 -0.0338839485636 0.7460741329 0.665000200186 -1.73083 -0.908464686224 0.254355791744 -0.331655009143 0.651401
-0.420413023423 -0.609897358002 0.671772359091 4.661755 -0.0248191031422 0.747834466604 0.663421150309 -1.727954 -0.906993330657 0.262238104136 -0.329536454559 0.63791
-0.41895225421 -0.604182302235 0.677822066886 4.659469 -0.0199024287248 0.752424187978 0.658378109202 -1.726347 -0.907790120029 0.262338687598 -0.327254504883 0.626215
-0.415264478377 -0.600232625603 0.683576044167 4.657459 -0.0192104159614 0.757048099856 0.653076668105 -1.725471 -0.909497868561 0.258067761771 -0.325905902704 0.616004
-0.417685358198 -0.596755355947 0.685143770822 4.655458 -0.0214795750863 0.760346811351 0.649162040112 -1.725037 -0.908337805776 0.256428882183 -0.33040378173 0.606503
-0.423921269725 -0.591799678538 0.68561206054 4.653704 -0.0159230924821 0.761750558967 0.647674718543 -1.724885 -0.905559060581 0.263646024806 -0.332345545183 0.598325
-0.435981714443 -0.585195115324 0.683715307473 4.652046 -0.00527335754599 0.761369346505 0.648296930351 -1.724554 -0.899940073767 0.279040131887 -0.335029056091 0.591148
-0.451260199756 -0.577652844659 0.680206897328 4.650627 0.0072600514195 0.759826818773 0.650084992233 -1.724332 -0.892362887938 0.298295820504 -0.338685812665 0.585082
-0.463785348643 -0.573904120088 0.674934968223 4.648144 0.0218815388609 0.754170032069 0.656314529008 -1.72227 -0.8856773389 0.319157678391 -0.337215105953 0.574414
-0.44864983353 -0.578130768809 0.681526331869 4.648341 0.0131147197905 0.758242043277 0.651841244424 -1.72273 -0.893611398203 0.301386492671 -0.332603143456 0.573969
-0.438913137121 -0.580253692463 0.686047309189 4.648416 0.00611457362768 0.761575773402 0.648047030205 -1.723128 -0.898508692252 0.288631241813 -0.330717607934 0.572635
-0.433190792466 -0.582845032178 0.687486294983 4.648533 0.00064467545465 0.762569414268 0.646906077276 -1.723386 -0.901302014708 0.280676961806 -0.329962302991 0.570781
-0.426827516265 -0.584270760081 0.690250643081 4.648427 -0.00136044743686 0.763684377572 0.645588352307 -1.723621 -0.904332030032 0.274615823227 -0.326756375748 0.570219
-0.420481735007 -0.58531081119 0.693257791034 4.647813 -0.000692101078826 0.764294676939 0.644866782986 -1.723948 -0.907300739293 0.270674899294 -0.32177704606 0.570375
-0.41164640648 -0.587705030924 0.696527122701 4.647279 -0.00257320420538 0.765032420104 0.643986626266 -1.724438 -0.911340010453 0.263302474002 -0.316435131634 0.570177
-0.410895488113 -0.587711214685 0.696965154066 4.646875 -0.000761317968677 0.764703287549 0.644382109006 -1.724967 -0.911682136626 0.264243089116 -0.314660565707 0.569925
-0.410302282775 -0.588035260019 0.697041297 4.64695 -0.000871063579996 0.76459428164 0.644511307683 -1.725375 -0.911949164152 0.263837293529 -0.314226995253 0.56967
-0.410278115459 -0.588270356172 0.696857127412 4.6468 -0.00205819843683 0.764726213537 0.64435206382 -1.72534 -0.911958130505 0.262929280186 -0.31496120686 0.569551
-0.410285013344 -0.588386911264 0.696754655872 4.646779 -0.00279066147311 0.764827561536 0.644229006894 -1.725281 -0.911953079952 0.262373100316 -0.315439274975 0.569466
-0.410264409078 -0.588440667058 0.696721390512 4.646842 -0.00227980171979 0.764636236684 0.644458088671 -1.725332 -0.911963769647 0.2628098303 -0.315044561848 0.56948
-0.410477024896 -0.588547345764 0.696506018514 4.646716 -0.00209026456854 0.764426125228 0.644707941523 -1.72546 -0.911868544707 0.263181915911 -0.3150095813 0.569424
-0.410376619834 -0.588653304614 0.696475639818 4.646755 -0.00146013974916 0.764172843464 0.645009870703 -1.725462 -0.911914961982 0.263680018732 -0.314458184558 0.56943
-0.410185350418 -0.5893115459 0.696031522398 4.646524 -0.00540574417879 0.764748272485 0.644306493573 -1.725013 -0.91198616011 0.260522516493 -0.31687420559 0.569448
-0.410747764912 -0.588484075704 0.696399860901 4.646726 -0.00234924611661 0.764487107204 0.644634736856 -1.725373 -0.911745992403 0.26314626268 -0.315393864518 0.569503
-0.41061995359 -0.58895766675 0.696074795184 4.646566 -0.00370931515153 0.76447446581 0.644643337129 -1.725089 -0.911799042934 0.262121456389 -0.316093099268 0.56954
-0.410444954839 -0.589068369375 0.696084330558 4.64649 -0.00399371739812 0.764500209914 0.644611106996 -1.725021 -0.911876630509 0.261797412598 -0.316137826728 0.569542
-0.410442580017 -0.588809920592 0.696304362992 4.646614 -0.00311084459217 0.764486374932 0.64463237988 -1.725087 -0.911881138721 0.262418482498 -0.315609456272 0.569614
-0.410458607616 -0.589087531739 0.696060063058 4.646486 -0.00456558682223 0.764642879106 0.644438067505 -1.724924 -0.911867801192 0.261337229231 -0.316543781753 0.569573
-0.410378056902 -0.588727543131 0.696412040657 4.646629 -0.00300966645551 0.764550700376 0.64455656731 -1.725087 -0.911910517716 0.262415903698 -0.315526704361 0.569595
-0.410543106754 -0.589001218291 0.696083272567 4.646492 -0.0044399867028 0.764664355814 0.64441346158 -1.724952 -0.911830381164 0.261468904077 -0.316542837837 0.569602
-0.410496813972 -0.588790238047 0.696289035745 4.646618 -0.00352977843213 0.764610644122 0.644482818669 -1.724954 -0.911855200338 0.262100397703 -0.315948532425 0.569692
-0.410485357088 -0.588942239376 0.696167228685 4.646629 -0.00411246820125 0.764640338996 0.644444132245 -1.725055 -0.911857916137 0.261671914157 -0.316295668829 0.56962
-0.410518992263 -0.588886698243 0.696194379196 4.646617 -0.00412723183622 0.764687052639 0.644388607506 -1.725085 -0.911842707351 0.261660406173 -0.316349030175 0.569588
-0.410570497467 -0.588800703472 0.696236740054 4.646611 -0.00385916666418 0.764676003463 0.644403380315 -1.725111 -0.911820691497 0.261886122808 -0.31622568719 0.569576
-0.410549357725 -0.588828522236 0.696225679125 4.646568 -0.00418053413389 0.764748125697 0.644315782344 -1.725065 -0.911828793144 0.261612835397 -0.316428469563 0.569552
-0.410603295648 -0.588738187031 0.696270264146 4.646635 -0.00389398491844 0.764735143243 0.644332986561 -1.725069 -0.91180577454 0.261853981869 -0.316295307735 0.569568
-0.410649353108 -0.588837639729 0.696158992494 4.646554 -0.00436261717064 0.764765374917 0.644294101246 -1.72503 -0.911782910765 0.261541880714 -0.316619279687 0.569534
-0.410660606885 -0.588673422488 0.696291223275 4.64658 -0.0038958173809 0.76478036887 0.644279295026 -1.725103 -0.911779956217 0.261867502849 -0.316358534565 0.569508
-0.410644168542 -0.588674098213 0.696300346787 4.64657 -0.00418209758411 0.764866290772 0.644175494179 -1.725058 -0.911786091637 0.261614914204 -0.316549774544 0.569535
-0.410736580834 -0.588603028526 0.696305921255 4.646558 -0.00417095719403 0.764904308388 0.644130423226 -1.725092 -0.911744517001 0.261663665456 -0.316629218329 0.569536
-0.410920584112 -0.588521559363 0.696266218998 4.64655 -0.00425118576961 0.764953843797 0.644071070829 -1.725107 -0.911661231474 0.261702103593 -0.316837194791 0.569614
-0.410948108471 -0.588510772019 0.696259092122 4.646528 -0.0043166632375 0.764975308822 0.644045140741 -1.725125 -0.911648517008 0.261663616331 -0.316905559002 0.569619
-0.410958267455 -0.588493252954 0.696267903639 4.646567 -0.00438084396236 0.765007236148 0.64400678323 -1.725135 -0.911643631369 0.261609670824 -0.316964145472 0.569647
-0.410920592891 -0.588484822943 0.696297263749 4.646592 -0.00446404129113 0.765048899876 0.643956716817 -1.725115 -0.911660210096 0.261506776135 -0.317001368077 0.569664
-0.41095556753 -0.588462628072 0.696295380481 4.64659 -0.00444951803973 0.765055981259 0.643948404244 -1.72512 -0.911644515864 0.26153600307 -0.31702239005 0.569656
-0.410980794959 -0.588434610747 0.696304168486 4.646591 -0.00455535827085 0.765105558296 0.643888758541 -1.725105 -0.911632620569 0.261453998897 -0.317124221047 0.569653
-0.410991087969 -0.588386305736 0.696338912336 4.646609 -0.00454497185262 0.76514451597 0.643842537358 -1.725077 -0.911628032062 0.261448704153 -0.31714177627 0.569637
-0.411011210616 -0.588317467013 0.696385197111 4.646607 -0.00449232551849 0.765187724971 0.64379155366 -1.725067 -0.911619220815 0.261477156863 -0.317143646759 0.569585
-0.411014775205 -0.588290731132 0.696405679347 4.646514 -0.00466749418143 0.765261722907 0.643702345771 -1.725063 -0.911616733645 0.26132070549 -0.317279718578 0.569577
-0.411025295511 -0.588286070165 0.696403407588 4.646472 -0.00471154859832 0.765275871554 0.643685203906 -1.725051 -0.911611763724 0.261289762653 -0.317319479662 0.569544
-0.410998392684 -0.588277153512 0.696426817309 4.646494 -0.00465354046215 0.765274613354 0.643687121758 -1.725073 -0.911624191085 0.261313522061 -0.317264207587 0.56954
-0.410998408222 -0.588296875099 0.696410148683 4.646519 -0.00483180567318 0.765307466803 0.643646746989 -1.725067 -0.911623256665 0.261172869962 -0.317382686835 0.569521
-0.410995890838 -0.588267580616 0.696436379945 4.64652 -0.00477322052875 0.765318422355 0.643634157554 -1.72509 -0.911624700236 0.261206749532 -0.317350657662 0.569494
-0.411015731218 -0.58822144461 0.696463639247 4.646507 -0.00481954723941 0.765369077408 0.643573575678 -1.725113 -0.911615511417 0.26116222439 -0.317413692042 0.569474
-0.411062718398 -0.58818391923 0.696467600612 4.646508 -0.00484122461896 0.765397523758 0.643539581664 -1.725122 -0.911594210209 0.261163373741 -0.317473917242 0.569506
-0.411165104506 -0.588150837829 0.696435100205 4.646496 -0.0048184533833 0.765394457713 0.643543399166 -1.72513 -0.911548155252 0.261246848908 -0.317537469588 0.56954
-0.411100586682 -0.588019814613 0.696583810645 4.646567 -0.00487756752358 0.765549512921 0.643358494622 -1.725083 -0.911576939685 0.261087420013 -0.317585960246 0.5696
-0.411042177477 -0.588046662321 0.69659561531 4.646574 -0.00487042836848 0.765538121859 0.643372102992 -1.725091 -0.911603316834 0.261060351095 -0.317532495696 0.569598
-0.41108170606 -0.588066125516 0.696555857748 4.646584 -0.00502413240872 0.765553701861 0.643352382183 -1.725086 -0.911584658184 0.260970806006 -0.317659643922 0.569601
-0.411084313287 -0.588004167422 0.696606622467 4.646596 -0.00491937119909 0.765580239795 0.643321611811 -1.725075 -0.911584053808 0.261032556458 -0.317610637908 0.569595
-0.411131316236 -0.588011395724 0.696572781057 4.646579 -0.00501537563998 0.765588624232 0.643310892534 -1.725014 -0.91156233293 0.260991679839 -0.317706556806 0.569592
-0.41109414286 -0.588001296217 0.696603245293 4.646577 -0.00505061731812 0.7656178675 0.643275813496 -1.725025 -0.911578903316 0.260928642757 -0.317710790528 0.56954
-0.411077940071 -0.587999480423 0.696614339653 4.646585 -0.00508922665889 0.765634877018 0.643255264157 -1.725038 -0.911585995372 0.260882820661 -0.317728070722 0.56953
-0.411118830318 -0.588010750778 0.696580694771 4.646592 -0.00516817947915 0.765636258252 0.643252990643 -1.725067 -0.911567110683 0.260853363059 -0.317806428037 0.569529
-0.411139780908 -0.587933951683 0.696633152393 4.646534 -0.00517553639127 0.765703740499 0.643172601725 -1.725126 -0.911557619889 0.260828392328 -0.317854141672 0.56954
-0.411198753536 -0.587947214088 0.696587150711 4.646484 -0.00528412484339 0.765706985871 0.643167855084 -1.725159 -0.911530396155 0.260788966856 -0.317964544645 0.569517
-0.411212425142 -0.587879226886 0.696636458998 4.646446 -0.00522183106565 0.765748319866 0.643119151559 -1.725197 -0.911524587649 0.260820868065 -0.31795502967 0.569488
-0.411200010281 -0.587880067267 0.69664307795 4.646398 -0.005347113788 0.765786662717 0.643072465262 -1.725194 -0.911529461904 0.26070637452 -0.318034945196 0.569478
-0.411281211275 -0.587832649828 0.696635156339 4.646402 -0.00524914352544 0.765780962559 0.643080060237 -1.725227 -0.911493396435 0.2608300082 -0.318036939801 0.569488
-0.411297005479 -0.587859521764 0.696603155287 4.6464 -0.00535645403592 0.765782688092 0.643077120584 -1.725223 -0.911485645353 0.260764371206 -0.318112968968 0.569489
-0.411328681767 -0.587819229212 0.69661845319 4.646412 -0.00531142244883 0.765798633114 0.643058506135 -1.725208 -0.911471614669 0.260808372737 -0.318117098508 0.56951
-0.411363837972 -0.587696348485 0.696701367005 4.646438 -0.00534987223014 0.765913764427 0.642921056063 -1.72518 -0.911455523696 0.260747209839 -0.318213326065 0.569534
-0.411396669883 -0.587860070542 0.696543837437 4.646418 -0.00535325822772 0.765754938675 0.643110190031 -1.725182 -0.911440685199 0.260844611518 -0.318175998476 0.569516
-0.411403731138 -0.587931068057 0.696479740709 4.64642 -0.00558008436862 0.765752415501 0.643111266277 -1.725215 -0.911436137458 0.260691958769 -0.318314105828 0.569493
-0.411340697047 -0.587476069395 0.696900781202 4.646515 -0.00549055062517 0.766163293751 0.642622487284 -1.725326 -0.911465130878 0.260510412838 -0.318379710403 0.569499
-0.411577258419 -0.586900929694 0.697245623204 4.646555 -0.00532667076383 0.766584135869 0.642121786901 -1.725333 -0.911359307261 0.260568726747 -0.318634825012 0.569496
-0.411464436577 -0.586653355618 0.697520507064 4.64649 -0.00526693191493 0.766824651414 0.641835035981 -1.725179 -0.911410597295 0.260418498435 -0.318610936429 0.569524
-0.411600133163 -0.586771074176 0.697341406264 4.64648 -0.00525379027828 0.766676845864 0.642011691252 -1.725066 -0.911349399554 0.26058841211 -0.318647064015 0.569558
-0.41158503318 -0.58639662137 0.69766522266 4.646563 -0.00509213434352 0.766979165136 0.641651798419 -1.725129 -0.911357136709 0.260541671701 -0.318663155505 0.569584
-0.411762362438 -0.58672758435 0.697282223094 4.646657 -0.00534454675764 0.766700127202 0.641983139006 -1.72516 -0.911275585484 0.260617836518 -0.318834048667 0.569598
-0.411664161788 -0.587989599155 0.696276417226 4.646686 -0.00596817529053 0.765740566993 0.643121889649 -1.724878 -0.911316080612 0.260594733921 -0.318737173655 0.569682
-0.411704432912 -0.587800245081 0.696412472464 4.646585 -0.00583991875356 0.765868112983 0.642971172655 -1.724818 -0.91129871901 0.260647089758 -0.318744002815 0.569641
-0.411850272741 -0.587724630398 0.696390057128 4.646454 -0.00576564183658 0.765878150846 0.642959886331 -1.724811 -0.911233290775 0.260788068899 -0.31881573503 0.569592
-0.411754141814 -0.587535061878 0.696606831551 4.64638 -0.00576303903216 0.76607775466 0.642722071502 -1.724898 -0.911276749446 0.260628902616 -0.318821675927 0.569527
-0.411949339198 -0.586900450702 0.697026256966 4.646389 -0.00544723952447 0.766521027549 0.642196108604 -1.725047 -0.911190468297 0.260755393599 -0.318964818112 0.56945
-0.411923069409 -0.587125446289 0.696852276461 4.646252 -0.00562124912004 0.766370393284 0.642374362701 -1.725137 -0.911201287558 0.260691638948 -0.318986023104 0.569427
-0.411973045736 -0.587065126432 0.696873551596 4.646236 -0.00544410437781 0.766362116073 0.642385763211 -1.725179 -0.911179768934 0.260851767054 -0.31891657892 0.569414
-0.411969488994 -0.587377367703 0.696612494898 4.646236 -0.00561225232268 0.76612324729 0.642669178183 -1.725076 -0.911180356879 0.260850527835 -0.318915912689 0.569374
-0.412059404539 -0.58748071792 0.696472148189 4.646558 -0.00545435716691 0.765958885993 0.642866420772 -1.725161 -0.911140657154 0.261100346689 -0.318824892128 0.569511
-0.412004746113 -0.587582375552 0.696418725424 4.646592 -0.0057660805016 0.765968784351 0.64285190652 -1.725237 -0.911163454873 0.2608424301 -0.318970821806 0.569598
-0.412216281892 -0.587513198974 0.696351906707 4.646597 -0.00574955733117 0.765971990761 0.642848234002 -1.725256 -0.911067878664 0.260988793631 -0.319124066886 0.569633
-0.412109138727 -0.587571726595 0.696365941071 4.646529 -0.0057886130136 0.765957474745 0.642865179366 -1.725214 -0.911116101129 0.260899622437 -0.319059300561 0.569593
-0.412096462865 -0.587631322473 0.696323153531 4.646397 -0.00592331475937 0.765944370515 0.642879565408 -1.725175 -0.911120968717 0.26080385374 -0.319123691126 0.569526
-0.412118414595 -0.587557916744 0.696372103708 4.646315 -0.00562601363267 0.765921198214 0.642909842899 -1.725146 -0.911112924024 0.261037186234 -0.318955838762 0.569455
-0.412095454208 -0.587553714696 0.696389236683 4.646302 -0.00587419569241 0.766002220913 0.642811085297 -1.725085 -0.911121742933 0.260808799511 -0.319117438652 0.569401
-0.412063623488 -0.587441209378 0.696502976105 4.646279 -0.00568219458984 0.7660594984 0.642744550795 -1.725135 -0.911137356749 0.260893983135 -0.31900320798 0.569364
-0.412210472105 -0.587007116284 0.696782011908 4.64638 -0.00580832950904 0.76645719569 0.642269126211 -1.725318 -0.911070134509 0.260702920213 -0.319351213239 0.569371
-0.412275834446 -0.58719658963 0.696583664364 4.646397 -0.00607778884288 0.76634235488 0.642403654722 -1.725248 -0.911038800938 0.260613814378 -0.31951329071 0.569371
-0.412242074481 -0.587166224161 0.696629239433 4.646421 -0.00602886274309 0.766365266977 0.642376782259 -1.725234 -0.911054402789 0.26061485525 -0.319467952041 0.569383
-0.41223363257 -0.587205294885 0.696601301921 4.646414 -0.00606566088829 0.766341990355 0.642404204203 -1.72522 -0.911057978362 0.260595271405 -0.319473730665 0.569386
-0.412292380543 -0.587292853049 0.696492711881 4.646429 -0.00609841864161 0.766255101644 0.642507531859 -1.725202 -0.911031175228 0.260653455689 -0.319502697643 0.569385
