-0.29765883623 0.0653715821072 -0.952431505919 -1.00285 -0.0123355320952 -0.997832881988 -0.0646326099713 0.479193 -0.954592610417 -0.00748971805684 0.297820167654 1.329477
-0.298000734326 0.0649202589969 -0.952355460064 -1.005525 -0.0123820950082 -0.997863577403 -0.0641479899529 0.478939 -0.954485330461 -0.00732399232341 0.298167927638 1.329155
-0.298186302293 0.0650586216111 -0.952287931709 -1.005917 -0.0125940658227 -0.997855764843 -0.0642282031224 0.478907 -0.95442460081 -0.0071587934979 0.298366273303 1.329184
-0.298305542369 0.0652700937598 -0.95223611476 -1.006093 -0.0126114202818 -0.997841547375 -0.0644453133379 0.47887 -0.954387109862 -0.00721534429768 0.298484812572 1.329181
-0.298284132042 0.0654022665423 -0.952233752869 -1.006159 -0.0127975984533 -0.997833999921 -0.0645254219311 0.478909 -0.954391323329 -0.00706060427248 0.298475040533 1.329283
-0.298180307771 0.0649272701438 -0.952298773311 -1.006091 -0.0124029763923 -0.997863172511 -0.0641502542714 0.479048 -0.954428976003 -0.00731700335843 0.298348439292 1.329476
-0.297958956505 0.0650459421086 -0.952359955927 -1.005742 -0.0133480547 -0.997862062599 -0.0639776012496 0.479039 -0.954485353305 -0.00635054652221 0.298190175701 1.329607
-0.29766717961 0.0650346002296 -0.952451967795 -1.005682 -0.0134183642896 -0.997863417817 -0.0639417460068 0.479051 -0.95457540178 -0.00625301172093 0.297903847175 1.329704
-0.298792433995 0.064928239804 -0.952106824397 -1.005223 -0.0133105792747 -0.997869339441 -0.0638718238612 0.478964 -0.954225293034 -0.00641132435115 0.299020041224 1.32926
-0.298658044435 0.0650680746132 -0.952139442603 -1.005105 -0.0136921734898 -0.997862506714 -0.0638979035631 0.478879 -0.954261964494 -0.0060467644871 0.298910588237 1.329276
-0.298826127372 0.0649657525832 -0.952093691078 -1.005011 -0.013406268449 -0.997867446234 -0.0638813878399 0.478871 -0.954213402529 -0.0063254041282 0.299059812908 1.32906
-0.299218949 0.0649097970596 -0.951974127172 -1.005046 -0.0136322903332 -0.997872497239 -0.0637545285831 0.47883 -0.9540870931 -0.00609897534531 0.299467229059 1.329061
-0.299364843266 0.0650419160022 -0.951919240156 -1.005047 -0.0136753141396 -0.997863852753 -0.0638804911732 0.478794 -0.954040710032 -0.00610577858317 0.299614824514 1.328935
-0.299397908962 0.0650104097152 -0.951910993075 -1.00506 -0.0137917765318 -0.99786668932 -0.0638111059765 0.478766 -0.954028657331 -0.00597636800328 0.299655809248 1.328876
-0.299463622434 0.0648479746886 -0.951901401941 -1.005061 -0.013882374951 -0.997878094855 -0.0636127933242 0.478745 -0.95400671827 -0.00583506534389 0.299728432932 1.328955
-0.299031189282 0.0645853677648 -0.952055186482 -1.004973 -0.0138355966855 -0.997895497238 -0.0633494503312 0.478762 -0.954143031259 -0.00577120989042 0.299295454418 1.329279
-0.299592575082 0.0647476811179 -0.951867651906 -1.00499 -0.0140351815083 -0.997885657485 -0.0634604464729 0.478767 -0.953963994413 -0.00565264330826 0.29986787922 1.329335
-0.299684740597 0.0648068281662 -0.951834613405 -1.004923 -0.0140883640487 -0.99788199065 -0.0635063046894 0.478882 -0.95393426097 -0.00562207789932 0.299963027703 1.329421
-0.299040516235 0.0649450018425 -0.952027791814 -1.004743 -0.0141916340978 -0.997873618437 -0.0636147714614 0.478957 -0.95413487892 -0.0055125640256 0.299326317697 1.32958
-0.299078804939 0.065007014044 -0.952011531738 -1.004659 -0.0142693812539 -0.997869905474 -0.0636556086206 0.479064 -0.954121718228 -0.00545342784946 0.299369348681 1.329574
-0.298923758184 0.0650986642939 -0.952053964175 -1.004862 -0.0144147985461 -0.997864654555 -0.0637051392936 0.479092 -0.954168119556 -0.00531931355469 0.29922383683 1.329872
-0.298472182049 0.0651732628173 -0.95219052839 -1.004944 -0.0147196707183 -0.997861474534 -0.0636852332477 0.479079 -0.954304819141 -0.00499233949278 0.298793220656 1.330048
-0.298507672663 0.065195914721 -0.952177852118 -1.004964 -0.0147625933974 -0.997860170753 -0.0636957256079 0.479179 -0.954293055197 -0.00495704833695 0.298831377995 1.329777
-0.298263795133 0.0652736335521 -0.952248949212 -1.004862 -0.0149383796708 -0.997855951012 -0.0637208430848 0.479093 -0.954366571777 -0.0047805641431 0.298599385266 1.329962
-0.297029587355 0.0654373418822 -0.95262341905 -1.004787 -0.0151553177158 -0.997846449274 -0.0638183360434 0.478978 -0.954747998469 -0.0045186234415 0.297381642779 1.330377
-0.297067297157 0.0653438467164 -0.952618078065 -1.004701 -0.0145957271531 -0.997849891747 -0.0638949003368 0.47894 -0.954744984647 -0.00507693179662 0.297382311267 1.330365
-0.297244473186 0.0656498448507 -0.952541768654 -1.004782 -0.0154519143684 -0.997833499781 -0.0639495508814 0.478758 -0.954676364797 -0.00429005672069 0.297614908751 1.330525
-0.29655168744 0.065876140275 -0.952742058912 -1.004813 -0.016002745051 -0.997820812359 -0.0640120189775 0.478925 -0.954882719933 -0.00373638397606 0.296959644746 1.331322
-0.295542536666 0.065926107035 -0.953052127343 -1.004937 -0.0158080308224 -0.997816946763 -0.064120565446 0.478985 -0.955198783072 -0.00388447715998 0.295939513506 1.332018
-0.302838977695 0.0662696184303 -0.950734921659 -1.004853 -0.0171476545301 -0.997796920139 -0.0640879404055 0.47974 -0.952887460057 -0.00310545236866 0.303308167764 1.331819
-0.305106071731 0.0653548543427 -0.950073169817 -1.004203 -0.0169146534975 -0.997856905148 -0.0632098991061 0.480137 -0.952168146647 -0.00321556554607 0.305557655195 1.331822
-0.309955789406 0.0650948437449 -0.948519936497 -1.003454 -0.018332353805 -0.997877115159 -0.062491502194 0.480473 -0.950574212473 -0.00198099982669 0.310491130665 1.331603
-0.322068060857 0.0635736286063 -0.94457956675 -1.002524 -0.017637946278 -0.997972535752 -0.061153256142 0.481184 -0.946552199843 -0.00303506696711 0.322536387624 1.331554
-0.334009854235 0.0614743000987 -0.940562771803 -1.00171 -0.0162762235079 -0.998098297181 -0.0594548039578 0.48223 -0.942429043388 -0.00454968050651 0.334375236202 1.332601
-0.354872381161 0.051963722741 -0.933469530627 -1.000025 -0.00233935624969 -0.998500396566 -0.0546944738592 0.485911 -0.934911824988 -0.0172258403944 0.354461774979 1.3407
-0.365364237103 0.046766038917 -0.929689147968 -0.999914 0.0073444588325 -0.998561294652 -0.0531168499416 0.487952 -0.930835663891 -0.0262350610305 0.364495114373 1.349294
-0.376547985377 0.0308234633416 -0.925884187583 -1.006988 0.0432777132293 -0.997769838182 -0.050817217088 0.491557 -0.925385678648 -0.0592052710707 0.37437425343 1.401959
-0.369056095656 0.0250789416904 -0.929068697644 -1.012529 0.0581335608143 -0.997055575576 -0.0500066827571 0.490689 -0.92758723976 -0.0724653427302 0.366511509692 1.42835
-0.358621426231 0.0213043328554 -0.933239946664 -1.019543 0.0714164534991 -0.996183302753 -0.0501848332194 0.487857 -0.93074720672 -0.0846460437188 0.355731196924 1.457959
-0.34791251425 0.0206742120329 -0.937299023463 -1.027565 0.0724251735356 -0.996176527657 -0.0488561151014 0.482997 -0.934725348253 -0.0848816982705 0.34508494698 1.489541
-0.339694889028 0.023569991909 -0.940240308564 -1.036279 0.0633984882556 -0.996838413327 -0.0478937303145 0.476053 -0.938396512171 -0.0758790695643 0.337126612339 1.521809
-0.325452444296 0.0300998174115 -0.945079206994 -1.054565 0.0417913104878 -0.99805862561 -0.0461786337298 0.457527 -0.944634422869 -0.0545250477967 0.323562708441 1.578864
-0.320253013366 0.0330488615532 -0.946755396172 -1.064214 0.032350544085 -0.998426865329 -0.0457955989961 0.446608 -0.946779514844 -0.0452942307589 0.318680063594 1.600362
-0.315561195989 0.0389907406705 -0.948103820121 -1.093848 0.00978036790085 -0.998968720303 -0.0443377972023 0.410318 -0.948854823453 -0.0232640924817 0.314854420346 1.633893
-0.30967080633 0.0407276646065 -0.94997118327 -1.103747 0.00330327946496 -0.999030128777 -0.0439077457997 0.397474 -0.950838093501 -0.0167349673479 0.309235930668 1.635544
-0.294587805 0.0429393018596 -0.954659227945 -1.11364 -0.00308666361544 -0.99902753547 -0.0439824496776 0.384285 -0.955619431392 -0.010009981405 0.294433867989 1.634996
-0.273287835145 0.045546086334 -0.960853429604 -1.123187 -0.00884136490424 -0.998955168816 -0.0448374950445 0.37116 -0.961891672398 -0.00375828616343 0.273404985062 1.635326
-0.25554804498 0.04519640339 -0.965739344662 -1.13151 -0.00912191890322 -0.998974939207 -0.0443380359549 0.358345 -0.966753322882 -0.00252110242286 0.255698370624 1.63624
-0.260601714403 0.0431995520422 -0.964479416656 -1.14322 -0.00373317263113 -0.999036031878 -0.0437386606026 0.333349 -0.965439179789 -0.00779780177716 0.260511774043 1.637163
-0.272445453416 0.0420012906613 -0.961254059287 -1.146614 6.84969416338e-05 -0.999045921069 -0.0436719922164 0.320932 -0.96217122708 -0.0119640786842 0.27218264199 1.638371
-0.303257333762 0.0389517145689 -0.95211225885 -1.150932 0.00561558999167 -0.99907379876 -0.0426615726386 0.283662 -0.952892152695 -0.0182841068442 0.302757719585 1.648317
-0.308671603879 0.037967284572 -0.950410609295 -1.151492 0.0083279023327 -0.999056845041 -0.0426153307983 0.270887 -0.951132213208 -0.0210690692375 0.308064290888 1.653827
-0.312787561666 0.0372081627134 -0.949094038489 -1.152018 0.00966716164869 -0.999055946909 -0.0423528149188 0.257818 -0.949773913757 -0.022422479198 0.312132576278 1.660273
-0.315615406601 0.0370310702324 -0.948164339634 -1.152626 0.0121725394183 -0.99899797434 -0.0430682777455 0.24431 -0.948809119054 -0.0251345797915 0.314848389703 1.667662
-0.314590334718 0.0372100255131 -0.948497936373 -1.153342 0.0117094498517 -0.999003216779 -0.0430750699242 0.230519 -0.949155313996 -0.0246573896859 0.313841047423 1.676261
-0.314202765469 0.0392722957948 -0.948543256238 -1.154816 0.00879959458797 -0.99898060908 -0.0442753861265 0.202118 -0.949315115916 -0.0222582448672 0.313536889741 1.69492
-0.310400659505 0.0402570739706 -0.949753019776 -1.155171 0.00710604147134 -0.998976706002 -0.0446659270613 0.187644 -0.950579262741 -0.0206133175633 0.309796959936 1.701405
-0.194958153178 0.046801976791 -0.979694285723 -1.155055 0.00255404111066 -0.998833254873 -0.0482245355916 0.143308 -0.980808235785 -0.0119039458784 0.19461115253 1.704334
-0.135983399559 0.0514256960393 -0.989375516592 -1.150283 -0.00259928532686 -0.998666960414 -0.0515513907917 0.128287 -0.990707706016 -0.0044384641088 0.135935798361 1.700754
-0.090564205901 0.0532359918023 -0.99446671829 -1.140747 -0.00531271896917 -0.998581840945 -0.0529724640905 0.113589 -0.995876447973 0.000485913053488 0.0907185993158 1.695982
-0.063166281884 0.0562485025713 -0.996416643173 -1.12566 -0.00858150325258 -0.998404154204 -0.0558166880918 0.099267 -0.997966120986 0.00502502001047 0.0635481749464 1.690782
-0.0531697919368 0.0549997996253 -0.997069704317 -1.103655 -0.00201123511869 -0.998485943992 -0.0549706702131 0.085656 -0.998583460788 -0.000917437492756 0.0531999074224 1.686062
-0.0527193195226 0.055241810033 -0.997080245403 -1.038702 -0.00164059697734 -0.998472190027 -0.0552321843125 0.059829 -0.998608022094 -0.00127599633593 0.052729403967 1.679685
-0.0558157698443 0.0556562227239 -0.996888652112 -0.996848 -0.00117836792776 -0.998448120083 -0.0556773109204 0.047572 -0.99844038945 -0.00193297035669 0.0557947339799 1.679225
-0.100232890601 0.051540878301 -0.993628152533 -0.83174 0.00312070318652 -0.998636190283 -0.0521154551826 0.013683 -0.994959109136 -0.00832450125974 0.0999353482272 1.687883
-0.139571873158 0.0494778827541 -0.988975040808 -0.764669 0.00348593814072 -0.998720131129 -0.0504573871019 0.003084 -0.990205807122 -0.0104899378474 0.139220762624 1.692277
-0.188476484957 0.0474767842891 -0.980929441689 -0.693186 0.00355302191013 -0.99879128251 -0.0490239739031 -0.007327 -0.98207127575 -0.0127251300785 0.188079984078 1.697388
-0.233817336133 0.0453775884033 -0.971221049913 -0.618367 0.00465592693987 -0.998846591738 -0.0477892092191 -0.017759 -0.972269394596 -0.0156958798464 0.233336374549 1.703967
-0.269805139738 0.0430957636744 -0.961950072366 -0.541738 0.00561989877081 -0.998910479571 -0.0463278592236 -0.028264 -0.962898542583 -0.0179055565609 0.269268987697 1.712215
-0.314710405149 0.0380442109541 -0.948425009637 -0.387047 0.00970858285768 -0.999015154834 -0.0432950786032 -0.049913 -0.949138084954 -0.0228332745185 0.314031108753 1.732294
-0.325638113664 0.0346890537978 -0.94485791973 -0.310026 0.0134665307596 -0.999055210232 -0.0413199644027 -0.061164 -0.945398578103 -0.0261793135042 0.324863312896 1.741568
-0.346357446234 0.0279334580045 -0.937686643481 -0.086764 0.014235001516 -0.999284998786 -0.0350265033086 -0.096808 -0.937994607751 -0.0254796610279 0.345712167422 1.756042
-0.351975483974 0.0254752129417 -0.935662477717 -0.014935 0.0148978069472 -0.99935045496 -0.0328134655232 -0.109213 -0.935890652816 -0.0254888543692 0.35136733524 1.75519
-0.354976548033 0.02272801586 -0.934598891312 0.05534 0.0173429096601 -0.999372308245 -0.0308903382448 -0.122067 -0.934714327392 -0.0271740097782 0.354359562255 1.75195
-0.360205993819 0.0209055256722 -0.932638515725 0.124084 0.0161068159664 -0.999460467687 -0.0286241857567 -0.135482 -0.932733730759 -0.0253324402137 0.359674929592 1.745735
-0.368577892298 0.0190784428704 -0.929401070758 0.191736 0.0167560503888 -0.999490593445 -0.0271622604237 -0.149311 -0.929445841394 -0.02558449987 0.368070456953 1.737412
-0.402464401724 0.0139287932008 -0.915329664145 0.320873 0.0201478642964 -0.999507260988 -0.0240686268064 -0.178123 -0.915213892437 -0.0281287033477 0.401985456378 1.716852
-0.427398123739 0.0124729712029 -0.903977471409 0.381637 0.0206323867926 -0.999509823886 -0.0235460521163 -0.19323 -0.903828052475 -0.0287147513379 0.426931276221 1.706424
-0.497489466424 0.00772904716749 -0.867435584137 0.539944 0.0255924061145 -0.999394263268 -0.0235825209805 -0.242543 -0.867092416958 -0.0339318195269 0.496990313867 1.680988
-0.515765591931 0.0081105675084 -0.856691352165 0.582148 0.0263016363854 -0.999333952837 -0.0252957433179 -0.260794 -0.856325918155 -0.0355790584649 0.515208746524 1.675321
-0.529940580361 0.0070851464399 -0.848005178042 0.618279 0.0288024379991 -0.999237808076 -0.0263481019764 -0.279827 -0.847545515504 -0.0383875450163 0.52933259444 1.671265
-0.537338434154 0.00815659060105 -0.843327265781 0.647834 0.0292982825297 -0.999169117135 -0.0283317137452 -0.300018 -0.842857649797 -0.0399317591986 0.536652994761 1.668849
-0.540159396495 0.00944881903395 -0.841509682771 0.670472 0.0288971178976 -0.999139052307 -0.0297676121522 -0.321033 -0.841066455731 -0.0403964599302 0.53942130387 1.667775
-0.524123462202 0.0134693521709 -0.851535773131 0.695512 0.028884549166 -0.999018526681 -0.0335807410286 -0.365474 -0.851152324316 -0.0421966811568 0.523219992842 1.671608
-0.513487751647 0.0147568903657 -0.85797002459 0.698606 0.0280484413214 -0.999029196584 -0.0339698294371 -0.388842 -0.857638393408 -0.0415078132318 0.512575348211 1.675788
-0.489911244473 0.0255168591538 -0.871398796441 0.674829 -0.0027112085914 -0.999611301546 -0.0277469848637 -0.462687 -0.87176810098 -0.0112310159815 0.489789998257 1.694299
-0.484523828103 0.0295460905758 -0.874278953499 0.656909 -0.0144565647519 -0.999563407142 -0.0257682525453 -0.48748 -0.874658600676 0.00015373793568 0.484739423432 1.701688
-0.482188785494 0.0346166163951 -0.875383153261 0.63456 -0.0253471459134 -0.999351973714 -0.0255568939505 -0.512116 -0.875700575161 0.00986521686084 0.482753746913 1.70932
-0.478572805722 0.038734344877 -0.877193091714 0.607941 -0.034026565512 -0.999094203753 -0.0255531772176 -0.536006 -0.877388319083 0.0176188124858 0.479457312994 1.717335
-0.474114383596 0.0430185361075 -0.879411710644 0.576987 -0.0428403012191 -0.998749786759 -0.0257598920781 -0.559062 -0.879420411327 0.0254611272254 0.475364566561 1.725587
-0.472875372712 0.0516298420031 -0.879615393963 0.502815 -0.0618065254471 -0.997766473917 -0.0253380531996 -0.601465 -0.878958949721 0.0423842298801 0.475010254377 1.741786
-0.466608128673 0.0548105013133 -0.882764217219 0.45937 -0.0694901853882 -0.997264574699 -0.0251889298211 -0.620357 -0.881730099515 0.0495900897015 0.469140548889 1.750961
-0.425345051925 0.0537044863269 -0.903436447655 0.307187 -0.0689461593361 -0.997259765799 -0.0268213838359 -0.666171 -0.902401248844 0.0508801303697 0.427882224938 1.783302
-0.403370171761 0.0523428373601 -0.913538577133 0.250618 -0.0655198534128 -0.997452123945 -0.0282207236986 -0.677869 -0.912688146818 0.0484715154952 0.40577192959 1.794917
-0.387512709762 0.0506883585674 -0.920469765977 0.19228 -0.0631556798605 -0.997601008634 -0.0283476220053 -0.688039 -0.919698461385 0.0471478300428 0.389784327864 1.806286
-0.376680199056 0.0510225085078 -0.9249371499 0.132551 -0.0603531823206 -0.997712278429 -0.030458214904 -0.696999 -0.924375205759 0.0443498939901 0.378897830398 1.817576
-0.368690565232 0.0508918662499 -0.928158006515 0.071584 -0.0597037226743 -0.997734951506 -0.0309908380294 -0.704543 -0.927632865205 0.0439884586289 0.370893897092 1.829244
-0.364090564879 0.0542703658689 -0.929781043017 -0.052756 -0.0643544918 -0.997380801875 -0.0330156847001 -0.715678 -0.929137535541 0.0478148872163 0.36662948137 1.852598
-0.362649080355 0.0544580575031 -0.930333254534 -0.116027 -0.0659590865217 -0.997287484311 -0.0326660763243 -0.718734 -0.929588642047 0.049517609092 0.365257392761 1.864244
-0.360163963978 0.0551412262972 -0.931257947195 -0.308821 -0.0682527665806 -0.997133821654 -0.0326450848938 -0.719398 -0.930388885846 0.0518033481165 0.362895211071 1.88588
-0.358980812849 0.0540478707133 -0.931778731072 -0.374218 -0.0637117673127 -0.99741230926 -0.0333090984864 -0.717188 -0.931167861727 0.0474079424511 0.361495366886 1.884107
-0.356318458568 0.0528375364683 -0.932869417884 -0.440104 -0.0590825989186 -0.997675926975 -0.0339409964495 -0.71384 -0.932494719872 0.0430225461231 0.358612127425 1.878283
-0.352168945995 0.0498374678096 -0.93460861342 -0.506614 -0.0524856742047 -0.998061498156 -0.0334439815481 -0.709359 -0.934463636254 0.0372756314612 0.354102018942 1.869981
-0.35057440706 0.0475883823165 -0.935325040284 -0.573496 -0.0461610265465 -0.998372321376 -0.0334942911434 -0.703843 -0.935396570842 0.0314333227567 0.352200513171 1.85911
-0.34324059303 0.0442112782727 -0.938206404886 -0.708411 -0.03699309587 -0.998752827737 -0.0335305822518 -0.689885 -0.938518729783 0.023198102545 0.344448024939 1.836201
-0.340329044485 0.0445871810933 -0.939248702295 -0.775873 -0.0338499816681 -0.998808643227 -0.0351492952351 -0.681733 -0.939696929984 0.0198312252928 0.341432866435 1.825494
-0.330761069994 0.0479901203408 -0.942493534687 -0.977643 -0.0323511080173 -0.998695788217 -0.0394984608244 -0.653268 -0.943159859402 0.0174261569809 0.331882221076 1.798223
-0.321005365158 0.0483003200098 -0.945844931597 -1.044406 -0.029794363438 -0.998719387417 -0.0408886427417 -0.642867 -0.946608605205 0.0150553739539 0.322033358936 1.791479
-0.309756311681 0.0487628134857 -0.949564750501 -1.110737 -0.0277319804278 -0.998722510546 -0.042240788226 -0.631976 -0.950411471224 0.0132489603124 0.310712890649 1.785567
-0.298319068098 0.0504248811736 -0.953133288144 -1.176372 -0.0269813001349 -0.998649942025 -0.044388092279 -0.62079 -0.954084767226 0.0124749609927 0.299276848914 1.780438
-0.295055959163 0.0504954192388 -0.954144744574 -1.24114 -0.023854023682 -0.998680596837 -0.0454758293563 -0.609257 -0.955182164049 0.00934227688366 0.295871180324 1.775541
-0.303373798153 0.0520106022901 -0.951451121101 -1.367706 -0.0210442027504 -0.998631403072 -0.047879665084 -0.585302 -0.952639218238 0.00549709444867 0.304053123365 1.767208
-0.306967026993 0.0518082852423 -0.950308973923 -1.429603 -0.0195843679106 -0.99864966364 -0.0481175835362 -0.572969 -0.951518626656 0.00384068900989 0.307567150774 1.763928
-0.294747987543 0.0524260954807 -0.95413580184 -1.609433 -0.0179935128936 -0.998621333796 -0.0493119172237 -0.536017 -0.955405598337 0.00263366648904 0.295284958079 1.747534
-0.292659490656 0.0507320684809 -0.954869980551 -1.666613 -0.0158846912636 -0.998711733048 -0.0481928506671 -0.523209 -0.956084776112 0.0010637197084 0.293088330351 1.737314
-0.289282635838 0.04654471362 -0.956111471658 -1.722402 -0.015832248766 -0.998913188794 -0.0438381244152 -0.509942 -0.957112791943 0.00245578648633 0.289705147712 1.725636
-0.290903434163 0.0390348095311 -0.955955791675 -1.777031 -0.0168105718958 -0.999221656534 -0.0356859325971 -0.496186 -0.956604723313 0.00568900322135 0.291333208848 1.713121
-0.291572670897 0.0301785882135 -0.95607250269 -1.830476 -0.0205380397306 -0.999469289403 -0.0252849453883 -0.482175 -0.956328168837 0.0122634559852 0.292037739234 1.701246
-0.285230534422 0.000188169111817 -0.958458922868 -1.933065 -0.0130480593116 -0.99990807396 0.00368670271843 -0.452825 -0.958370121812 0.01355758906 0.28520676955 1.682163
-0.281953247549 -0.0178670565354 -0.959261765363 -1.982265 -0.012401187293 -0.999675191012 0.0222648383963 -0.437708 -0.959347995646 0.0181736283072 0.281640093886 1.674011
-0.271676096138 -0.095013479286 -0.957687077046 -2.121101 -0.00795537839152 -0.994858869172 0.100958121938 -0.389787 -0.962355864918 0.0350466715202 0.269523505605 1.655801
-0.272386576269 -0.126534579215 -0.953831512025 -2.162383 -0.0101496606412 -0.990882213015 0.134348145948 -0.373437 -0.962134365594 0.0462756976588 0.268618730451 1.651493
-0.276617119933 -0.162988183418 -0.94705745392 -2.201563 -0.00445653225726 -0.985283749955 0.170868579308 -0.357072 -0.960969878966 0.0514857663881 0.271819991133 1.647595
-0.278797201652 -0.201655417905 -0.938939408472 -2.238911 -0.00164734369994 -0.977603570687 0.210448437485 -0.341096 -0.960348585988 0.0602191913819 0.27222094405 1.643372
-0.278936312155 -0.243646620988 -0.928886891846 -2.274973 0.00372462252642 -0.967545775505 0.252668358701 -0.325387 -0.960302379956 0.0670186271323 0.270791142153 1.640154
-0.271797006126 -0.324810422428 -0.905883313094 -2.343322 0.00770710631588 -0.942024151103 0.335456553446 -0.296328 -0.962323743848 0.0841943479084 0.258542692427 1.636319
-0.25895929196 -0.367609435816 -0.893198403383 -2.374683 0.0110962288091 -0.925814237833 0.377815921755 -0.282882 -0.965824496901 0.087927809733 0.243827277928 1.635774
-0.22858972198 -0.487862825901 -0.842458664926 -2.456302 0.00696689512076 -0.866168856954 0.499702885338 -0.251476 -0.973497920582 0.10835762247 0.20139618734 1.637993
-0.22251804641 -0.522201478714 -0.823280835834 -2.478392 -0.0139048979701 -0.842666664254 0.538256023438 -0.244747 -0.974829407042 0.131219314827 0.180247381623 1.640851
-0.22565227675 -0.554762644196 -0.800824237022 -2.497441 -0.0327319900885 -0.817244560005 0.57536070944 -0.240002 -0.973657879762 0.156044025026 0.166254610255 1.644236
-0.235705880456 -0.585625628084 -0.775554873397 -2.512712 -0.0547667327759 -0.788767418423 0.612247143411 -0.236696 -0.970280033238 0.186784858498 0.153844316554 1.648422
-0.249238022617 -0.614719732833 -0.748331516207 -2.525604 -0.0719241293935 -0.758833242612 0.647301343671 -0.233813 -0.965767740035 0.215155199734 0.14491691528 1.652664
-0.276913424147 -0.666319032554 -0.692342330342 -2.54467 -0.103279749078 -0.695705233575 0.710863926084 -0.227536 -0.95532834615 0.268352706028 0.123832855938 1.66351
-0.291146985196 -0.688531745217 -0.664196860005 -2.550399 -0.121085943494 -0.662168965664 0.739506900035 -0.223583 -0.948984524268 0.295730107936 0.109416982048 1.669699
-0.342567926079 -0.74133980664 -0.577115679144 -2.550137 -0.16567124072 -0.556990080156 0.81382743294 -0.203823 -0.92477038016 0.374402646491 0.0679882510447 1.689471
-0.368395783762 -0.753317128653 -0.544791565816 -2.543985 -0.16839040868 -0.522243359385 0.836006306103 -0.193016 -0.914291647545 0.399718872779 0.0655408725353 1.695853
-0.401887940411 -0.760028848631 -0.510727160625 -2.53537 -0.157095026324 -0.492255419059 0.856157552739 -0.179541 -0.902112651533 0.424312092281 0.0784347645393 1.701153
-0.438344392886 -0.764082415969 -0.473320456808 -2.525165 -0.128152063947 -0.468098342973 0.874334598316 -0.162719 -0.889624213773 0.443916662126 0.10726954533 1.704941
-0.464120915249 -0.770891649039 -0.436254331177 -2.514519 -0.0874297441047 -0.450238729087 0.888617536782 -0.141366 -0.881446433922 0.450567589017 0.141566351416 1.708023
-0.47677356208 -0.795304531456 -0.374403088591 -2.495962 0.00597788025445 -0.42885308158 0.903354470497 -0.087139 -0.879005822193 0.42845739189 0.209220046569 1.711708
-0.459748914157 -0.814906153038 -0.352929026395 -2.490111 0.0550081776266 -0.422790073503 0.904556606378 -0.055216 -0.886343633319 0.396454935002 0.239203779625 1.7137
-0.376570042169 -0.863631357719 -0.335165453628 -2.495275 0.138165931089 -0.410110239748 0.901509715278 0.048385 -0.916026843945 0.293173104528 0.273759660933 1.721964
-0.357688765422 -0.868971268324 -0.341976142324 -2.505584 0.12680375927 -0.408007797928 0.90412966076 0.083433 -0.925191630813 0.280033161711 0.256128629044 1.723952
-0.343557931264 -0.871079040945 -0.350983264974 -2.519552 0.109265118334 -0.408269047781 0.906298802018 0.117486 -0.932753494649 0.273015913548 0.235442623942 1.725781
-0.33396636964 -0.871589156316 -0.358885506174 -2.53642 0.0936932717897 -0.409556417116 0.907460804674 0.150615 -0.9379168592 0.269436233256 0.218440109499 1.727567
-0.333270366774 -0.869358822818 -0.364891901552 -2.555574 0.0777233167941 -0.411032461598 0.908301382548 0.182582 -0.939622237209 0.274349326043 0.204554390427 1.728973
-0.338467767916 -0.863379619046 -0.374186054654 -2.599615 0.0600129219222 -0.416653354154 0.907082373147 0.243665 -0.939062308521 0.284562147673 0.192837664442 1.733015
-0.341091372884 -0.861616014281 -0.375865028007 -2.62401 0.0579792024835 -0.418365263335 0.906426455105 0.273519 -0.938240420907 0.287381889425 0.192656591393 1.736323
-0.343559947887 -0.863227107652 -0.369872306103 -2.705213 0.0694256553742 -0.416112813919 0.906658813705 0.361027 -0.936561071465 0.285813027532 0.20288980435 1.750589
-0.343095789653 -0.868201621692 -0.358484620609 -2.734695 0.0798283020562 -0.407221422531 0.909834136105 0.389698 -0.935902089598 0.283543042803 0.209023016829 1.756948
-0.340500634992 -0.875672379538 -0.34242838855 -2.765581 0.0920057902796 -0.393473901485 0.914720297908 0.417775 -0.935731933903 0.279957447775 0.214545042614 1.763939
-0.334530041948 -0.886059687445 -0.320917249956 -2.798028 0.106977372481 -0.374041378449 0.921221411489 0.445069 -0.936293486473 0.273845353245 0.219916415247 1.771382
-0.316885524332 -0.899750996652 -0.300052842833 -2.832861 0.119209027659 -0.351630609371 0.92851770165 0.471445 -0.940942491438 0.258464811098 0.218685091468 1.780849
-0.254536268613 -0.931012146087 -0.261586834148 -2.908209 0.112373133792 -0.297138313877 0.948198872193 0.516925 -0.960512137749 0.211955670519 0.18025323013 1.801287
-0.215091965963 -0.945343910051 -0.245072107566 -2.949116 0.099121584888 -0.270782534405 0.957523749298 0.535467 -0.971550491528 0.181663729979 0.151947134302 1.813127
-0.101611948247 -0.971263163906 -0.21522750385 -3.078761 0.0221896053433 -0.218506250858 0.975583230561 0.565355 -0.994576610115 0.0943550993645 0.0437547921453 1.85002
-0.0633144141397 -0.975316248592 -0.21154077667 -3.121632 -0.011056136499 -0.211267569595 0.977365732918 0.564461 -0.99793238589 0.0642201624819 0.00259305282147 1.862237
-0.0418403353516 -0.977212341494 -0.208099557833 -3.16264 -0.0430183802902 -0.206326827056 0.977537037352 0.55755 -0.998197778647 0.0498525833785 -0.0334053084946 1.872294
-0.0595479370374 -0.975641160904 -0.211135900177 -3.201587 -0.0793663405024 -0.206214263283 0.97528286236 0.545009 -0.995065338151 0.0748331662272 -0.0651534346183 1.8775
-0.108351271302 -0.971014673107 -0.213050479035 -3.237599 -0.100414794286 -0.202525886849 0.974115051852 0.527091 -0.989028245853 0.126940024288 -0.0755603013369 1.878766
-0.2343158454 -0.947855214416 -0.216024482639 -3.29874 -0.131345301911 -0.189307143412 0.973093632247 0.477304 -0.963246851155 0.256385057985 -0.0801386659563 1.873893
-0.306137474897 -0.927289894347 -0.215437457993 -3.323755 -0.139038762264 -0.180324484335 0.973730611071 0.448313 -0.941779203981 0.328049588008 -0.0737251568737 1.867842
-0.505131512183 -0.840572188386 -0.195654163033 -3.377062 -0.132700489699 -0.14836067049 0.979989638458 0.369786 -0.852779417806 0.520987051244 -0.036602691193 1.851041
-0.55111214316 -0.814082455551 -0.183153381694 -3.388489 -0.120088532676 -0.139829883786 0.982866393728 0.353236 -0.825744603362 0.56366422555 -0.0207000206328 1.850326
-0.587632961186 -0.791614163697 -0.167435118066 -3.397448 -0.0995113785242 -0.13465559488 0.985883033788 0.343958 -0.802985048723 0.59599906594 0.000353449270544 1.852393
-0.604025442072 -0.783328588086 -0.146797780694 -3.404716 -0.0666797217964 -0.133877856196 0.988752008504 0.344465 -0.794170686963 0.607019804214 0.0286334989434 1.858182
-0.595754797866 -0.793071089815 -0.126942771828 -3.411382 -0.0265696880936 -0.138505840485 0.990005143333 0.355019 -0.802726773251 0.593173143906 0.0614438675088 1.868896
-0.481980728136 -0.869298326498 -0.109612942913 -3.428125 0.0360773414008 -0.144686815799 0.988819574428 0.402294 -0.875438748939 0.472637434914 0.101098229335 1.905027
-0.394010091806 -0.912046721725 -0.113696195826 -3.439239 0.0515197885526 -0.145424816149 0.988026990641 0.432592 -0.917661026165 0.383435001321 0.104287299415 1.927185
-0.120455364057 -0.98226936962 -0.143657198832 -3.480717 0.0415003974088 -0.149566975263 0.987880274591 0.516048 -0.991850907286 0.113033647279 0.058780713658 1.996265
-0.0547469139127 -0.986780772938 -0.152533542468 -3.495188 0.0297805414569 -0.154308363124 0.987573819226 0.534042 -0.998056057928 0.0495240873785 0.0378347723893 2.018103
0.00788922367514 -0.986431412527 -0.163984232563 -3.509268 0.00733146740811 -0.163927870061 0.986445083622 0.544162 -0.999942003186 -0.00898453096442 0.00593872611778 2.040209
0.0582165852116 -0.982842795796 -0.175016764792 -3.52212 -0.0145050359113 -0.176128363191 0.984260333252 0.545586 -0.998198594038 -0.0547616511027 -0.0245097619121 2.061333
0.0896043288797 -0.978718541829 -0.184610617587 -3.532724 -0.0385368369454 -0.18862435787 0.981292904191 0.537546 -0.995231619496 -0.0808137828461 -0.0546182758593 2.08042
0.0635172541525 -0.975374090113 -0.211213026967 -3.54483 -0.0880184401216 -0.216290743711 0.972353366006 0.492635 -0.994091702321 -0.0431705747076 -0.0995891000859 2.108352
-0.000602246461289 -0.974080875467 -0.226199216066 -3.54522 -0.112278436944 -0.224703083298 0.967937021171 0.456943 -0.993676602269 0.0259802310635 -0.109232951517 2.117016
-0.259539983769 -0.928564769549 -0.26534216698 -3.519433 -0.179263849767 -0.223659476512 0.95804014046 0.312156 -0.948948612409 0.296215980863 -0.108409518443 2.130927
-0.358416197305 -0.893160310999 -0.271666134005 -3.501676 -0.194785499706 -0.21304860663 0.957428274242 0.258509 -0.9130150265 0.396074424911 -0.097614606066 2.131018
-0.439969595618 -0.856165240876 -0.270938803509 -3.479084 -0.203457793269 -0.198827402221 0.958682737137 0.206332 -0.874660895027 0.476915867257 -0.0867154788294 2.131108
-0.501014020796 -0.824247733019 -0.26381930479 -3.452048 -0.20374602427 -0.183933174949 0.961590424634 0.158165 -0.84111384994 0.535522419481 -0.0757840990774 2.131349
-0.545352164133 -0.799561206729 -0.251580789748 -3.421065 -0.195528228808 -0.170512473653 0.965760947682 0.116177 -0.815082651524 0.575870969075 -0.0633474400572 2.131506
-0.599261900795 -0.771898160559 -0.212269649224 -3.349473 -0.145181802359 -0.155969756225 0.977034123973 0.05553 -0.787278488541 0.616317016534 -0.0185988336052 2.13054
-0.610573334544 -0.769295466415 -0.188108182964 -3.310439 -0.106239254594 -0.155812783554 0.982056819774 0.038114 -0.78480151881 0.619602180302 0.0134057539048 2.129399
-0.556281216016 -0.821366125152 -0.126130476735 -3.195032 0.0214202199738 -0.165905119549 0.985909055382 0.03787 -0.830717992392 0.545740945652 0.109883744726 2.124142
-0.5091461816 -0.852654817201 -0.117260088973 -3.16038 0.0513345401155 -0.166083095782 0.984774679958 0.051323 -0.859147793312 0.495374775296 0.128331216964 2.120947
-0.451031224583 -0.884937129337 -0.116004791157 -3.128509 0.0705597520419 -0.16492441342 0.983779070345 0.068411 -0.889714648549 0.435529809518 0.136827004567 2.116681
-0.384403906358 -0.915510824895 -0.1186320626 -3.099506 0.0835899888625 -0.162496023516 0.983162120967 0.088235 -0.919372802806 0.368014907092 0.138991645864 2.110639
-0.305642529343 -0.943741848885 -0.12622981787 -3.072856 0.0876301465463 -0.159892609737 0.983237158964 0.108309 -0.948105269299 0.289457554771 0.131570218183 2.102365
-0.155743955811 -0.977305737961 -0.143587307157 -3.025112 0.0776255079488 -0.157020603131 0.984539897977 0.142308 -0.984742657116 0.142190100711 0.100318864206 2.07772
-0.099492527589 -0.9834211423 -0.151605058723 -3.00321 0.0652265964551 -0.158479098224 0.985205494575 0.152664 -0.992898145868 0.0881319028639 0.0799127000466 2.06075
-0.0606160851407 -0.983262518875 -0.171815334585 -2.939956 -0.000650537880777 -0.172092905894 0.98508050866 0.144515 -0.998160942445 0.059823496367 0.00979194872048 2.00406
-0.0986809092213 -0.978823569373 -0.179350211027 -2.918082 -0.0276504509431 -0.177463248091 0.983738912588 0.127828 -0.994734904745 0.102035364542 -0.00955267841195 1.983856
-0.148319615431 -0.971203055272 -0.186456206948 -2.894756 -0.0545289078982 -0.180223259218 0.982113117233 0.105199 -0.987435005396 0.155833893193 -0.0262279974525 1.96453
-0.204606218593 -0.959379424281 -0.19423546427 -2.869659 -0.0791494351972 -0.181568193577 0.980187919732 0.077995 -0.975639104496 0.215926171059 -0.0387843580671 1.946442
-0.268890492838 -0.943290156714 -0.194683289237 -2.842034 -0.0823656267755 -0.178867499553 0.980419461827 0.047489 -0.959642540943 0.279660683419 -0.0295989148814 1.929189
-0.400855385189 -0.898415818602 -0.179343182338 -2.780677 -0.0554408283137 -0.171611863103 0.983603417541 -0.015246 -0.914462287205 0.404225661393 0.018982622334 1.898039
-0.449776753506 -0.877509885869 -0.166364876726 -2.748312 -0.0326418090705 -0.169994602605 0.984904232596 -0.043851 -0.892544331844 0.448417478794 0.0478161103214 1.885755
-0.534828949345 -0.834454108315 -0.132831984318 -2.654469 0.015970923258 -0.167160220561 0.98580038054 -0.1031 -0.844809401316 0.525113132361 0.102729127661 1.859992
-0.55213375353 -0.824402972534 -0.124531349827 -2.626086 0.0245623038214 -0.165380426958 0.985923936016 -0.11171 -0.833393671348 0.541303106638 0.111561352179 1.853805
-0.563404026624 -0.817951318109 -0.116325164899 -2.599897 0.0364215803901 -0.165251487756 0.985578720487 -0.113824 -0.825378320085 0.551042273332 0.122894433295 1.848928
-0.570784960796 -0.813837265841 -0.108965284648 -2.576063 0.0489685195583 -0.16620958183 0.984873828975 -0.109159 -0.819638098567 0.556815301188 0.134722335718 1.845068
-0.569191221097 -0.815826949964 -0.102214194412 -2.555098 0.0640316129623 -0.16792312373 0.983718342341 -0.097257 -0.819708061671 0.553378904756 0.147819083351 1.842993
-0.513217066151 -0.852755910967 -0.0970340111624 -2.524103 0.104480889429 -0.174294612819 0.979134889424 -0.05249 -0.851875569996 0.492370535525 0.17854766588 1.846965
-0.469669374157 -0.877146237807 -0.100125703392 -2.514478 0.118458610706 -0.175000314057 0.97741621003 -0.022272 -0.874858980938 0.447201707936 0.186097812697 1.851592
-0.364185079086 -0.923124049066 -0.123333767505 -2.507463 0.0989792804775 -0.170041921782 0.980453388424 0.080494 -0.92605201269 0.344859007237 0.1532968849 1.86413
-0.356117426082 -0.92585760718 -0.126364829237 -2.510574 0.0878163742368 -0.167791458392 0.981903412208 0.115676 -0.930305682696 0.338576014682 0.141058920403 1.866199
-0.353780170514 -0.926561264275 -0.127764684073 -2.516109 0.0796725055134 -0.165955220553 0.982909536344 0.151025 -0.931929118987 0.337554570871 0.132533123661 1.868418
-0.35503589786 -0.925971602068 -0.128553892956 -2.523863 0.0732116127877 -0.164630108372 0.983634580101 0.186504 -0.931981529315 0.339813948479 0.126241472724 1.871124
-0.35717019624 -0.925301181465 -0.127464404823 -2.533452 0.0713421583004 -0.163092663681 0.984027987154 0.22213 -0.931310768416 0.342371883531 0.124264822056 1.874433
-0.356034536201 -0.925965665747 -0.12580538498 -2.558476 0.0739167457418 -0.162111226789 0.984000134577 0.293494 -0.931544805004 0.341038906882 0.126161564123 1.882235
-0.354775061296 -0.926637437392 -0.124409467107 -2.573797 0.0754427684179 -0.16100401969 0.984066102626 0.329141 -0.931902915853 0.339736317263 0.127028304551 1.886557
-0.350096703208 -0.928700745497 -0.122258839014 -2.631264 0.0791236784486 -0.159371958005 0.984042693439 0.437206 -0.933365813554 0.334836533723 0.129277816243 1.894787
-0.343915388097 -0.930974862357 -0.122507189542 -2.653893 0.0806958264253 -0.159285624913 0.983928998096 0.473301 -0.935526797814 0.328502504337 0.129906563409 1.894133
-0.335403888169 -0.933998277264 -0.123091225799 -2.678274 0.0810570317785 -0.158786320013 0.983980011065 0.508479 -0.938580837968 0.32005331219 0.128964677162 1.892368
-0.333202870686 -0.9347786794 -0.123144904507 -2.704659 0.0806527906346 -0.158388142286 0.984077397234 0.543121 -0.93939926247 0.317965433534 0.128167892811 1.890556
-0.333571493284 -0.934593998274 -0.123548036239 -2.733151 0.0793648339265 -0.158429008107 0.984175529327 0.577177 -0.939378135792 0.318487531594 0.127021298276 1.890793
-0.338212936552 -0.933152150998 -0.121815732306 -2.796156 0.0784816452675 -0.156961368496 0.984481467655 0.644583 -0.937791363207 0.323404069065 0.126321681459 1.900243
-0.341710535419 -0.931797819184 -0.122420317546 -2.830562 0.0752248254997 -0.156961903409 0.98473559218 0.677086 -0.936789803324 0.327285479425 0.123729864403 1.909779
-0.377747297778 -0.915482243893 -0.138561322661 -2.944021 0.0106811209494 -0.153947606068 0.988021279245 0.774904 -0.925847121655 0.371742378136 0.0679316687659 1.95075
-0.395801201762 -0.906861099446 -0.144721646602 -2.983198 -0.0143068200582 -0.151482846706 0.98835634366 0.808797 -0.918224767463 0.393263135147 0.0469827942051 1.965588
-0.410013599287 -0.899484648592 -0.151050373539 -3.021953 -0.0375522247186 -0.148822550805 0.988150635678 0.844149 -0.911306029179 0.410827476343 0.0272416200559 1.98069
-0.417680395619 -0.895163471714 -0.155645256993 -3.059744 -0.0556793361283 -0.145764035322 0.987751313608 0.881507 -0.906886375818 0.421230584022 0.011040672109 1.996531
-0.416604850752 -0.895737554641 -0.155224455337 -3.096167 -0.0577839896335 -0.144310609149 0.987843843241 0.921218 -0.907249364217 0.420510025198 0.0083612102147 2.013559
-0.391934722447 -0.907840371209 -0.149040376221 -3.16512 -0.0427302258718 -0.143863369399 0.988674596994 1.006475 -0.919000163839 0.393864432704 0.0175928256385 2.049077
-0.378935417071 -0.914394316226 -0.142446425516 -3.197773 -0.0323867241193 -0.140728003938 0.98951843288 1.051474 -0.924856231957 0.379576953147 0.0237125884097 2.066037
-0.354601239246 -0.93009469061 -0.0958218535786 -3.288724 -0.0091202131163 -0.0990358696339 0.995042068577 1.190859 -0.934973145517 0.353717066346 0.0266355803053 2.10722
-0.349881286686 -0.934036663453 -0.0718233705144 -3.317045 -0.0110206358835 -0.0725600636437 0.997303154888 1.237699 -0.936729219578 0.349729250263 0.0150937304599 2.113415
-0.345303200912 -0.937380231004 -0.0456508703414 -3.344608 -0.0183296150663 -0.0418974423216 0.998953767468 1.284387 -0.938312168018 0.345778696351 -0.00271449786134 2.114231
-0.338809579766 -0.940686025193 -0.0178289277649 -3.371517 -0.0273235303748 -0.00910405594855 0.999585184391 1.330251 -0.940458129502 0.339156185513 -0.0226183218124 2.109498
-0.323983806877 -0.946025985495 0.00832632275056 -3.397778 -0.040825262742 0.0227730995989 0.998906744324 1.375766 -0.945181353394 0.323289685427 -0.045999874921 2.103262
-0.295599564464 -0.953450659303 0.0596048468136 -3.446784 -0.0686538329356 0.0834337238799 0.994145595445 1.463459 -0.952841827751 0.289776903832 -0.0901210147166 2.090639
-0.285993461686 -0.954537806406 0.0840554341761 -3.468819 -0.0807360619642 0.111410991655 0.990489413995 1.505643 -0.954824291779 0.27648719153 -0.108928438659 2.08519
-0.295136811662 -0.946558412583 0.130082412222 -3.523283 -0.125857741454 0.173475761888 0.976763015758 1.622541 -0.947129395235 0.271906843615 -0.170330787226 2.073152
