-0.395076464502 -0.31863243816 -0.861619380324 4.686208 -0.011365802853 -0.936153706112 0.351407252428 -1.784735 -0.918577925776 0.148625730901 0.366230782966 0.843777
-0.380942935419 -0.325179010097 -0.865529370586 4.684712 -0.00622450228473 -0.93519054087 0.354090253802 -1.784429 -0.924577598434 0.140275670231 0.354230152324 0.883348
-0.367930684655 -0.327527887251 -0.870260015376 4.683646 -0.00373542291079 -0.935382992827 0.353616605019 -1.784502 -0.929845717259 0.13335718879 0.342932649791 0.920697
-0.355376575099 -0.327730996863 -0.875385562804 4.682709 -0.00567773490935 -0.935744340576 0.352633368254 -1.784758 -0.934705971521 0.130287845845 0.330680849201 0.955649
-0.342959446555 -0.330295119051 -0.879365653383 4.681407 -0.00713373601131 -0.93519968982 0.354048937256 -1.783794 -0.939323122163 0.127697590003 0.318379329854 0.98849
-0.312740183043 -0.336291786351 -0.888313802855 4.680859 -0.0157648626741 -0.933259350154 0.358857150487 -1.781779 -0.949707874567 0.126233196043 0.286566106164 1.045163
-0.295854679279 -0.338554816839 -0.893224856766 4.681557 -0.0206085909455 -0.932606005813 0.36030726318 -1.780853 -0.955010625453 0.125006695485 0.268938713011 1.06835
-0.281355905537 -0.339723544314 -0.897455719163 4.683411 -0.01933571811 -0.933039063276 0.359255113265 -1.780343 -0.95940866393 0.118431498513 0.255947251862 1.086189
-0.269014380284 -0.346200411668 -0.898763894558 4.687732 -0.0130173095098 -0.931771744815 0.362811197758 -1.779895 -0.96304818823 0.109300917316 0.246153400586 1.097128
-0.273629971376 -0.34799844372 -0.896673698696 4.689962 -0.00675571318949 -0.931534745782 0.363589573201 -1.779569 -0.961811311591 0.10554667484 0.252544848147 1.089025
-0.283704480303 -0.349142397084 -0.893090899301 4.692274 -0.000903037115495 -0.931261099145 0.36435140969 -1.779401 -0.95891133708 0.104174621563 0.263887657616 1.072702
-0.295626691159 -0.349068442773 -0.889244669219 4.693578 -0.00276536031099 -0.93053378657 0.366195610068 -1.77934 -0.955299540593 0.110716278436 0.274125324318 1.049495
-0.308015017694 -0.345762985765 -0.886326523664 4.694659 -0.00558021959328 -0.930947908387 0.365109371312 -1.779414 -0.951365129708 0.117405066098 0.284816503086 1.021864
-0.324167121541 -0.341352667622 -0.882266418731 4.697067 -0.00740723871705 -0.931684030944 0.363194161983 -1.778847 -0.945970829427 0.124270764026 0.299492849801 0.959285
-0.327343352507 -0.338339475509 -0.882254344779 4.698707 -0.0117562465096 -0.932165316245 0.361841973599 -1.778741 -0.944832323874 0.128818564277 0.301160517433 0.926211
-0.330206350736 -0.332272063143 -0.883492525145 4.701065 -0.0137795436325 -0.934196922179 0.35649156339 -1.779814 -0.94380818502 0.129889902015 0.30389919915 0.893043
-0.343316779142 -0.32502404447 -0.881188379222 4.703603 -0.0212376299517 -0.935286935125 0.353252476367 -1.777738 -0.938979527058 0.139991855126 0.314196957759 0.822418
-0.355938391557 -0.327116539804 -0.875387131961 4.705803 -0.02208701822 -0.933527998338 0.357823475957 -1.779125 -0.934248374386 0.146697804026 0.325053425227 0.790138
-0.370942318494 -0.328273123189 -0.86869934554 4.707354 -0.0235778695779 -0.931806546225 0.362188686292 -1.780389 -0.928356548109 0.154833190897 0.33790649976 0.759661
-0.387006681343 -0.328858997269 -0.861439254104 4.708961 -0.0215468187448 -0.93075750617 0.365001642887 -1.782037 -0.921825126148 0.159819349966 0.353123508391 0.732441
-0.402703293701 -0.325520554062 -0.855491920549 4.710371 -0.020214892105 -0.931235376445 0.363857158504 -1.783823 -0.915107324514 0.163820153037 0.368431190427 0.709931
-0.426213199869 -0.314632047897 -0.848144435042 4.712171 -0.0229862651162 -0.933497562012 0.357846242587 -1.788258 -0.904330658484 0.172014464955 0.390636767308 0.685233
-0.432634854016 -0.311591829285 -0.846012774734 4.711693 -0.0233443374306 -0.934191821135 0.356006577515 -1.789475 -0.901266955458 0.173770461376 0.396890037356 0.685225
-0.434525487927 -0.308463286978 -0.846190286477 4.71005 -0.0246087438991 -0.935105982517 0.353512674715 -1.790324 -0.900323280864 0.174433947519 0.398736489285 0.694569
-0.418191000237 -0.308657886032 -0.85431059733 4.705686 -0.0273492290386 -0.935793939763 0.351485023825 -1.792051 -0.907947304083 0.170352609878 0.382899048466 0.73651
-0.403988121774 -0.31129910284 -0.860166533897 4.70323 -0.0282151140346 -0.93562718092 0.351860321241 -1.792398 -0.914328991559 0.166417087148 0.369198927815 0.764365
-0.391984022739 -0.316083534199 -0.863967433024 4.700527 -0.0235715320921 -0.935364568134 0.352898721384 -1.791971 -0.919669999941 0.158695696502 0.359197392974 0.794894
-0.382677220564 -0.321071105684 -0.866297575869 4.697865 -0.0216542164317 -0.934296490155 0.35583867608 -1.791366 -0.923628301738 0.154930350734 0.350581440823 0.826993
-0.376994165014 -0.327546482569 -0.866365223969 4.695566 -0.0155061816648 -0.933018714906 0.359493582649 -1.790192 -0.926085826409 0.14896099957 0.346663616106 0.85971
-0.368130160776 -0.336361393266 -0.866799398851 4.691873 -0.0137155355452 -0.930202650609 0.366790011974 -1.787498 -0.929673097821 0.146915084044 0.337822274677 0.925111
-0.361738996046 -0.34128292058 -0.867566059075 4.689544 -0.0158911682796 -0.92819346562 0.371758471526 -1.78514 -0.93214396394 0.1482661745 0.330340388068 0.95772
-0.352696490396 -0.348724581007 -0.868329633413 4.687357 -0.0185350125028 -0.92517694546 0.379083200499 -1.782301 -0.935554188155 0.149795814996 0.31984304719 0.989505
-0.324808562565 -0.367299628274 -0.871544824294 4.692047 -0.023201971288 -0.918137404777 0.395582323263 -1.774122 -0.94549514341 0.148710083785 0.289696815254 1.05717
-0.308578448449 -0.372933347082 -0.875042890256 4.692208 -0.0230431037327 -0.916735982229 0.39882847724 -1.771635 -0.95091974242 0.143233576794 0.274291425231 1.084704
-0.292707184201 -0.378473192714 -0.878111921519 4.693012 -0.0229956621682 -0.915281137312 0.402158723891 -1.770077 -0.955925574424 0.137907512765 0.259206122776 1.106395
-0.282409401067 -0.379683512182 -0.880957070898 4.693994 -0.0209108661848 -0.915684278931 0.401354004582 -1.768964 -0.959066038323 0.131767719474 0.250658337664 1.120852
-0.277957444881 -0.381946431981 -0.88139468 4.694772 -0.0185305536358 -0.915249551873 0.402461024669 -1.76796 -0.960414638277 0.128199769473 0.247322748023 1.127553
-0.280075970417 -0.386279893625 -0.878831778315 4.695936 -0.00899976369545 -0.91437412945 0.404770250446 -1.766736 -0.959935651514 0.121275699023 0.252617793867 1.115019
-0.283698526285 -0.384328903305 -0.878525150618 4.69599 -0.00792334603888 -0.915196429595 0.40293016249 -1.766931 -0.958880788613 0.121271552066 0.256594707444 1.097426
-0.28769716571 -0.382131932149 -0.878183083004 4.695576 -0.00852868538654 -0.915891836317 0.401334530902 -1.766861 -0.957683456247 0.122952554269 0.260240402379 1.074832
-0.296772995491 -0.37528442641 -0.878115817214 4.695708 -0.0107298307111 -0.918174527234 0.396030817326 -1.765659 -0.954887773448 0.126953286028 0.268462666467 1.016983
-0.303024726468 -0.370217028214 -0.878131748184 4.696914 -0.00835522724901 -0.920388614935 0.390915576148 -1.765402 -0.952946066326 0.125794075845 0.275807260883 0.983918
-0.309117996179 -0.366574013885 -0.877536071499 4.697902 -0.00813724289291 -0.921674613744 0.387878449591 -1.765312 -0.950988879912 0.12704093326 0.281923307941 0.949996
-0.317398977681 -0.364895083898 -0.875276794342 4.699472 -0.00465454249814 -0.922392782119 0.386225181375 -1.765162 -0.948280667419 0.12666149076 0.29106810639 0.915341
-0.327876341726 -0.367978706788 -0.870108485125 4.70046 -8.54479846914e-05 -0.921010427651 0.389537911964 -1.765157 -0.944720645077 0.127794614555 0.301946086671 0.880181
-0.363358308042 -0.353911039838 -0.861810719275 4.702613 -0.0128997563849 -0.923037647483 0.384493299831 -1.763713 -0.931560162449 0.150825983209 0.330828031652 0.809301
-0.384672791507 -0.34620991796 -0.855666720272 4.704289 -0.0213233677879 -0.923415937637 0.383207933247 -1.764755 -0.922806673936 0.16565536159 0.347830625041 0.778351
-0.403370993525 -0.342050089555 -0.848701112182 4.706257 -0.0264237281225 -0.922764141214 0.384458224364 -1.765826 -0.914654923004 0.177505143376 0.36317804986 0.749998
-0.426612425468 -0.339015518931 -0.838492883905 4.710194 -0.0204598620186 -0.923236048493 0.383688145256 -1.76782 -0.904203092498 0.180841578979 0.386927759187 0.702775
-0.432199044505 -0.33546431071 -0.837058947846 4.712248 -0.0155667227949 -0.925317757642 0.378872966222 -1.769304 -0.901643867095 0.176778798594 0.394699370784 0.685651
-0.434581866241 -0.329921010172 -0.838027880551 4.713938 -0.014654021782 -0.927774897833 0.372852515878 -1.771475 -0.900513109943 0.174315420999 0.398359476883 0.67414
-0.434522008722 -0.323031949022 -0.840738356356 4.714957 -0.0158030321523 -0.93058974475 0.365722560338 -1.773777 -0.90052256391 0.17220071683 0.399256840908 0.669062
-0.434295907316 -0.317415377494 -0.842991425234 4.714827 -0.0186805183448 -0.932481157997 0.360735260564 -1.77518 -0.900576539292 0.172413364071 0.399043266785 0.671229
-0.434039976759 -0.312502956194 -0.844956330792 4.7116 -0.0189016761046 -0.934543748827 0.355345899328 -1.775615 -0.900695300984 0.170205416773 0.399722517362 0.697426
-0.43134738532 -0.312707495924 -0.846258503751 4.709279 -0.0191719986914 -0.934619997639 0.355130813194 -1.775311 -0.901982188097 0.169409214644 0.397150664546 0.719498
-0.427535153976 -0.313681827156 -0.847830999331 4.706487 -0.0187245293341 -0.934593451112 0.355224539045 -1.774761 -0.903804782083 0.167746214414 0.393698010452 0.74535
-0.420879572113 -0.324682781813 -0.847019171549 4.699231 -0.00581053442377 -0.932764917017 0.360438409817 -1.770839 -0.907097912834 0.156622797751 0.390695118676 0.807235
-0.414767548279 -0.332264208264 -0.847094077893 4.694977 0.00151931254599 -0.931198466582 0.364509406634 -1.768142 -0.909926135785 0.149899672254 0.386735718125 0.841609
-0.40555123937 -0.337392303933 -0.849526118193 4.690724 0.00465017271044 -0.930135624826 0.367186730866 -1.765915 -0.914060483851 0.144962590611 0.378786587915 0.877309
-0.393066805624 -0.342767789494 -0.85323427545 4.686291 0.00435444872444 -0.928606343256 0.371040830692 -1.763874 -0.919499605815 0.142128469174 0.366496893789 0.913726
-0.376867932428 -0.350119990616 -0.857546823024 4.682004 0.00444264934547 -0.926482129251 0.37631253905 -1.761934 -0.926256349168 0.138010348707 0.35071686483 0.950536
-0.336972543738 -0.369021414683 -0.866182833051 4.675875 0.00587822829255 -0.920795526027 0.390001340615 -1.759642 -0.941496123836 0.126328123372 0.312452002788 1.020209
-0.31802536576 -0.378909055235 -0.86907295125 4.680366 0.00701255244685 -0.91757917154 0.397491242752 -1.758408 -0.948056269871 0.120317878212 0.294470571265 1.058187
-0.302197719058 -0.384283710032 -0.872354611841 4.680027 0.00754071713022 -0.916076900021 0.400931728394 -1.758402 -0.953215440591 0.114582474454 0.279734124423 1.08754
-0.280246802537 -0.387947778274 -0.87804228315 4.681064 -0.000421985154289 -0.91464612068 0.404255236025 -1.760179 -0.959927888748 0.113661758113 0.256162942571 1.131779
-0.275643202944 -0.390274713229 -0.878468253772 4.681541 -0.00611331927677 -0.913141415232 0.407597084283 -1.761246 -0.961240579667 0.117721722732 0.249315350508 1.143727
-0.276333548266 -0.393543875801 -0.876791302376 4.68151 -0.00751910792177 -0.911401998916 0.41144848935 -1.761451 -0.961032378809 0.120289709418 0.248891849383 1.148221
-0.279620226145 -0.396384335183 -0.874466687732 4.681388 -0.00879512017031 -0.909702061633 0.415168405497 -1.761565 -0.96007040106 0.123780523037 0.250884848337 1.144988
-0.284133011224 -0.396247764959 -0.873072815233 4.680948 -0.00942020111463 -0.909405763868 0.415803338677 -1.761568 -0.958738594062 0.126367976202 0.254659464475 1.135185
-0.295774366031 -0.404320932159 -0.865472188009 4.680544 -0.00635710143051 -0.905155818298 0.425032389192 -1.76024 -0.955236678347 0.13121557994 0.265151579141 1.098589
-0.302034777752 -0.409190990803 -0.861009713112 4.680514 0.00199309197248 -0.903460630954 0.428666438972 -1.758537 -0.953294823553 0.127756101077 0.273692086157 1.074735
-0.307489712761 -0.412889893272 -0.857305087224 4.680634 0.00906196908849 -0.902184880077 0.431254359836 -1.756721 -0.951508253912 0.124837407033 0.281154165082 1.049043
-0.320100373016 -0.414258779626 -0.852012567218 4.681602 0.0233706430193 -0.902511317631 0.430031550695 -1.753722 -0.94709533007 0.11774117823 0.298575703481 0.995214
-0.328977245785 -0.407263437212 -0.852003793692 4.683033 0.0251083358205 -0.905676814809 0.423224619547 -1.753509 -0.944003995346 0.117838872314 0.308172771256 0.968507
-0.339107344541 -0.400984438235 -0.851009805568 4.685504 0.0260755669799 -0.908268859009 0.417573639686 -1.754049 -0.94038623644 0.119411724919 0.318456537485 0.942631
-0.350114834078 -0.388693600386 -0.852254004378 4.687195 0.0240937839138 -0.913276654849 0.406626660813 -1.751105 -0.936396867004 0.121832002061 0.329116804096 0.916092
-0.361746375568 -0.374822893048 -0.853608434008 4.692114 0.0190028628954 -0.918391519712 0.395216279679 -1.752798 -0.932082856277 0.126747052702 0.339347511655 0.894377
-0.387942675144 -0.347151059785 -0.853807134247 4.702762 0.00134522985614 -0.926568376277 0.376123961534 -1.75708 -0.921682521891 0.144765968975 0.359922412567 0.861877
-0.40228970025 -0.337031607879 -0.851218357628 4.707845 -0.00709655663385 -0.928596692382 0.371022670171 -1.758921 -0.915484918476 0.155299318051 0.371173121139 0.851332
-0.416661958734 -0.32585988054 -0.848650782359 4.712758 -0.017946061875 -0.930415657416 0.366066446563 -1.761276 -0.908884344131 0.167755902102 0.381820908677 0.84411
-0.449734561221 -0.307275849868 -0.838641983525 4.722003 -0.0345463223712 -0.932271056087 0.36010724735 -1.765481 -0.892493908133 0.190924671196 0.408659263782 0.838136
-0.468753767447 -0.303534084672 -0.829540212978 4.725879 -0.0386230408566 -0.931165794279 0.362544513516 -1.766888 -0.882484088366 0.201983472116 0.424764064832 0.837463
-0.490113923937 -0.304650550726 -0.81668622096 4.728958 -0.0398842182487 -0.928114447927 0.370152428985 -1.76792 -0.870745422439 0.213989750902 0.442731064881 0.837579
-0.512123015676 -0.312071374304 -0.800213392886 4.73163 -0.0348615870358 -0.923339227489 0.382399451791 -1.768491 -0.858204338467 0.223732269288 0.461983966297 0.838288
-0.530959477423 -0.319034001384 -0.785047348442 4.733896 -0.0321210172919 -0.91817883909 0.394861823548 -1.770156 -0.846788210583 0.23487214694 0.477268059909 0.839801
-0.561814897333 -0.324104358319 -0.761130991389 4.738125 -0.0323582509967 -0.910745740493 0.411697874376 -1.775738 -0.826629883761 0.255926866685 0.501183074516 0.844136
-0.577554620944 -0.320654290593 -0.750740624817 4.741133 -0.033758084406 -0.909460814123 0.414416963108 -1.778814 -0.815653757156 0.26469199742 0.514438621157 0.845973
-0.593932750956 -0.316663502208 -0.739572926567 4.744628 -0.0370647494961 -0.907531904954 0.418344410545 -1.781413 -0.803660433073 0.27588053186 0.527275867506 0.847514
-0.626911250027 -0.307091405636 -0.716014771617 4.754131 -0.0433152289458 -0.903879106214 0.425589417503 -1.785784 -0.777885644251 0.297821137486 0.553350245807 0.849383
-0.642100879234 -0.301952272003 -0.704649761455 4.759798 -0.0426372738304 -0.903675437053 0.426090092993 -1.787331 -0.76543355281 0.303637168178 0.567376370969 0.850075
-0.655163512162 -0.297139541071 -0.694599787981 4.765404 -0.0410201631071 -0.904059141627 0.425434383494 -1.787799 -0.754372665564 0.307221681481 0.58011784999 0.851179
-0.665145858984 -0.291103039213 -0.68763362835 4.770257 -0.0408540013954 -0.905313894462 0.422773820221 -1.787152 -0.745595022011 0.309298841019 0.590273064011 0.852915
-0.670806680607 -0.28649815301 -0.684059358224 4.774135 -0.04136585774 -0.906480271361 0.420217067058 -1.785064 -0.740477726246 0.310181117985 0.596221780027 0.855137
-0.667881677127 -0.285574765022 -0.687299875557 4.778739 -0.0438778190753 -0.906744003267 0.419392476723 -1.777112 -0.7429729486 0.310261770319 0.593067307755 0.859824
-0.661967107415 -0.283301188399 -0.693930821734 4.779541 -0.0481674740388 -0.907825088385 0.416573526936 -1.772862 -0.74798358481 0.309182867492 0.58730444516 0.861261
-0.655437066998 -0.282136361981 -0.700572140792 4.779496 -0.0507398898599 -0.909057749046 0.413569187049 -1.767895 -0.753543439214 0.306615528223 0.581514576834 0.8624
-0.645091519733 -0.281775634132 -0.710253069813 4.777537 -0.0487151319308 -0.912465087113 0.406244139306 -1.761437 -0.762550829184 0.296664721208 0.574896752557 0.862295
-0.641468443367 -0.279333103902 -0.714486706124 4.775662 -0.0490873175577 -0.914498772516 0.401599838548 -1.75969 -0.765577345158 0.292685859124 0.572910391292 0.861958
-0.639656657562 -0.276346049763 -0.717267189559 4.773237 -0.0465574172431 -0.917496564882 0.395009443342 -1.757774 -0.767249481809 0.286064528052 0.574016827674 0.862078
-0.640677298604 -0.273773292846 -0.717342863056 4.770914 -0.0458751875512 -0.918952927516 0.391689908188 -1.756138 -0.766438559978 0.283855070649 0.576192877989 0.862091
-0.644356302935 -0.270971265247 -0.715108053569 4.768641 -0.0434727289599 -0.920625799543 0.388018374632 -1.753864 -0.76348875349 0.281109783938 0.58143117621 0.862339
-0.650321015882 -0.267278181565 -0.711087160594 4.765409 -0.041276482251 -0.922245125364 0.384395864644 -1.745939 -0.758537295269 0.27933188576 0.588723083702 0.861836
-0.651858779017 -0.267280129885 -0.709677014132 4.764461 -0.041908107098 -0.921702353886 0.385627386736 -1.739756 -0.757181512438 0.281115817786 0.589618566713 0.8613
-0.652830779242 -0.267799921568 -0.708586745348 4.763909 -0.042978956148 -0.92082177697 0.387608132507 -1.73172 -0.756283533473 0.283496837841 0.589631037117 0.860748
-0.655446318451 -0.270478639518 -0.705146388485 4.764137 -0.0443330509283 -0.918280511061 0.39344057188 -1.710339 -0.753939456604 0.289140465121 0.58989243698 0.859859
-0.657199169518 -0.270906270047 -0.703348451646 4.765498 -0.0468665948044 -0.916679402944 0.396865713447 -1.697506 -0.752258448856 0.293783364177 0.589744487941 0.859366
-0.658873469351 -0.270952094979 -0.701762576384 4.76777 -0.0497776996728 -0.915131820569 0.400069908389 -1.683267 -0.750605043949 0.298527575292 0.589468705522 0.85905
-0.659864313431 -0.271601125714 -0.700579700228 4.77102 -0.0519689123306 -0.913654943365 0.403154903996 -1.667622 -0.749585432097 0.302435898953 0.588773476825 0.858906
-0.659297351007 -0.274717656463 -0.699898001271 4.774626 -0.0532744631294 -0.911453343782 0.407939497582 -1.650636 -0.749992556319 0.30624012039 0.586283339461 0.859124
-0.651054226024 -0.285513793108 -0.703285339476 4.782187 -0.0557672142012 -0.906059329057 0.419459783591 -1.614063 -0.75697979669 0.312311328925 0.573971446353 0.860873
-0.645405928252 -0.292614941303 -0.705569049707 4.786126 -0.057613752519 -0.902433298919 0.426959947213 -1.595297 -0.761663865034 0.316212961672 0.565577156162 0.861991
-0.641322005284 -0.300272930639 -0.706075245752 4.790411 -0.0574240151582 -0.898876446106 0.434423315579 -1.576634 -0.765119969692 0.319150907504 0.559226367598 0.862687
-0.642141959128 -0.310989005204 -0.700670780731 4.799936 -0.0566616420813 -0.892259674852 0.447953268712 -1.540771 -0.764488824408 0.327350746563 0.555336227956 0.861307
-0.648009635876 -0.316674184596 -0.692676672497 4.80515 -0.0532833482573 -0.888385928916 0.455994875084 -1.524012 -0.759766014382 0.332397205335 0.558809181452 0.859456
-0.656524606346 -0.322580998266 -0.681848180184 4.810398 -0.0477259335021 -0.884367162069 0.46434573103 -1.508233 -0.752793249527 0.337396239179 0.56521332367 0.857388
-0.663979331998 -0.32610621988 -0.672893884677 4.814977 -0.0465535787699 -0.880116474215 0.472469846783 -1.493992 -0.746300349044 0.34503583172 0.569197737035 0.854823
-0.66910240673 -0.325430914094 -0.668129246074 4.818846 -0.0472625803595 -0.878572590257 0.475264612765 -1.481659 -0.741665839719 0.349578208418 0.572474329899 0.852147
-0.672436119426 -0.32443677318 -0.665259682755 4.825096 -0.0459717692875 -0.878768323469 0.475029293934 -1.461532 -0.738726107376 0.350010019679 0.576000628823 0.847316
-0.671063821873 -0.32347807034 -0.667109649895 4.827097 -0.0475887555529 -0.879148655078 0.474165532931 -1.454493 -0.739870703109 0.349942252785 0.574570937655 0.845262
-0.66840429979 -0.321978385222 -0.670496540984 4.828377 -0.0508031726096 -0.879581691721 0.473027573448 -1.449595 -0.742061136076 0.350237015518 0.571558661282 0.843725
-0.663087875131 -0.319467166665 -0.676945492101 4.8298 -0.056561615038 -0.880383183437 0.470878151995 -1.446249 -0.746401536412 0.350522723578 0.565701835508 0.841391
-0.662298917718 -0.319556237177 -0.677675405243 4.829917 -0.0578117911902 -0.879991570516 0.47145798606 -1.447606 -0.747005984172 0.35142374294 0.564343346297 0.840769
-0.663141323816 -0.322659517027 -0.675377243264 4.829948 -0.0542210860134 -0.879235805584 0.473291107049 -1.450784 -0.746527734568 0.350478578877 0.565562646635 0.84117
-0.663038392621 -0.324885529563 -0.674410470405 4.829209 -0.0517936193724 -0.878844654139 0.474288408969 -1.456048 -0.746791477525 0.349401583527 0.565880749386 0.842662
-0.662403703112 -0.324902073275 -0.675025908307 4.827931 -0.0521175339468 -0.878890159224 0.474168588875 -1.463785 -0.747331985639 0.349271714861 0.565247001265 0.844656
-0.662275633698 -0.31993143366 -0.677521116104 4.824555 -0.055191124382 -0.880966304336 0.46994926366 -1.485333 -0.747224815434 0.348629098586 0.565785141921 0.847934
-0.664275681036 -0.315106720403 -0.677824147063 4.822406 -0.0554882303113 -0.883513840441 0.465106815739 -1.498521 -0.745425298659 0.346570409162 0.569412043789 0.848464
-0.666476010173 -0.310563391155 -0.677761099457 4.819602 -0.0564024729743 -0.885494352743 0.461214171836 -1.512974 -0.743389863333 0.345615583176 0.572644199971 0.848694
-0.667238389178 -0.301172650725 -0.681240021184 4.811714 -0.0611276394647 -0.889380865384 0.453061903036 -1.546715 -0.742331693854 0.343942888784 0.575019082774 0.849362
-0.665947516396 -0.297154465406 -0.68426100948 4.807288 -0.0622675426471 -0.891899329607 0.447926711616 -1.565647 -0.743395358163 0.340902932718 0.57545506508 0.850621
-0.662965624583 -0.293387349415 -0.688767336497 4.802682 -0.0635147524078 -0.894653792226 0.442222193339 -1.585633 -0.745950706715 0.336924999455 0.574490285291 0.852458
-0.658796227439 -0.289597233111 -0.694349316473 4.797975 -0.0647663490041 -0.897684194987 0.435853652167 -1.606634 -0.749528418907 0.332109211925 0.572634805619 0.854914
-0.654456935611 -0.286360722055 -0.699774003729 4.792973 -0.0645599107645 -0.900961395879 0.429069436174 -1.627989 -0.753337996754 0.325984815599 0.571153011588 0.857771
-0.648256532364 -0.281221007715 -0.70758618773 4.781715 -0.0658770512171 -0.905096396149 0.42007228878 -1.672526 -0.758566860844 0.318928296796 0.568208640494 0.864004
-0.648360498273 -0.277745669704 -0.708862474137 4.775879 -0.0661270665058 -0.907017001447 0.415869414794 -1.695682 -0.758456244852 0.316508296963 0.569707488628 0.866491
-0.650171890061 -0.27271152684 -0.709157906607 4.769882 -0.0654230039495 -0.909802749486 0.40985215332 -1.718995 -0.756965219762 0.312869589695 0.573686565918 0.868298
-0.656069000549 -0.262691527609 -0.707507334125 4.757416 -0.0641009980475 -0.914683653632 0.399054978453 -1.765904 -0.751973755239 0.307159527121 0.583256801358 0.869587
-0.656614997392 -0.260850294098 -0.707682039668 4.751156 -0.061941640803 -0.916469475832 0.395280828023 -1.788975 -0.751678108192 0.303382306565 0.585610107263 0.870004
-0.655192391818 -0.259335673295 -0.709554746486 4.744908 -0.0621836736128 -0.917532376075 0.392769053757 -1.812312 -0.752898479505 0.301462016529 0.585033787187 0.86997
-0.653029361083 -0.256765568217 -0.712477435812 4.738836 -0.0634903034709 -0.918899311743 0.389349503971 -1.835804 -0.754666572023 0.299492066432 0.583766106601 0.869886
-0.650888697141 -0.255711158449 -0.714811658676 4.732756 -0.0627607052204 -0.920218675503 0.386340113287 -1.858906 -0.756574515705 0.296326496789 0.582911322146 0.86966
-0.647723203273 -0.251919187077 -0.719021122864 4.720932 -0.0625762101337 -0.922971431406 0.379747224788 -1.904586 -0.759301567144 0.290964705748 0.582065864092 0.868902
-0.648027932172 -0.245492937872 -0.720966723628 4.715082 -0.0655656556511 -0.925130680552 0.373944339041 -1.92692 -0.758789130077 0.289597032714 0.583414616478 0.867622
-0.650743766664 -0.237419304473 -0.721224392274 4.709586 -0.0680923323922 -0.927783036309 0.366854292337 -1.947995 -0.756238047454 0.287837995061 0.587582593499 0.865811
-0.659853713132 -0.21951731327 -0.718613405414 4.699926 -0.0730140208481 -0.933115500667 0.352085806551 -1.985395 -0.747838237873 0.284793980959 0.599691886209 0.861064
-0.662142321435 -0.209707974569 -0.719437357639 4.695619 -0.0784732449727 -0.935363755091 0.344871853716 -2.001895 -0.745258006323 0.284810833826 0.602887462921 0.858683
-0.660946800676 -0.201535851299 -0.722864183176 4.691729 -0.0831921552593 -0.937647842187 0.337484206067 -2.016796 -0.745807208319 0.283195735637 0.602969139623 0.856825
-0.656614039927 -0.197109103304 -0.728015112457 4.68835 -0.0856121878953 -0.939530288059 0.331592206037 -2.02922 -0.749352090712 0.280055064612 0.600033836488 0.856481
-0.650865773402 -0.193529872872 -0.734111662706 4.685626 -0.0878971762985 -0.941251523297 0.326066950624 -2.039396 -0.754087416294 0.276752160238 0.595617671321 0.856621
-0.641647835762 -0.188789891472 -0.743401931488 4.683092 -0.0914345628833 -0.943494795146 0.318523613321 -2.050996 -0.76152989145 0.272352617779 0.588129472154 0.85819
-0.640669889448 -0.189292598043 -0.744117198484 4.68375 -0.0898554450623 -0.943990954937 0.317501300769 -2.052183 -0.762540550887 0.270276505312 0.587777610096 0.859164
-0.642255437657 -0.190898714163 -0.742337951159 4.685684 -0.0867719762062 -0.944154976304 0.31787105069 -2.050453 -0.761563245532 0.268568541814 0.589824008839 0.86019
-0.645818333645 -0.199452013782 -0.73697867956 4.693097 -0.0802501214934 -0.94219457195 0.325314165981 -2.03836 -0.759261877041 0.269236481158 0.592480480088 0.862277
-0.645974436486 -0.206930798984 -0.734776613562 4.698181 -0.0758644091634 -0.940388851478 0.331531898069 -2.027921 -0.759579896277 0.269904524687 0.591768475609 0.863672
-0.64461002675 -0.214201241685 -0.733890823947 4.704144 -0.0709863900518 -0.939030559021 0.336426131049 -2.015241 -0.761208805678 0.268959917619 0.590103140877 0.865527
-0.642649268423 -0.222238748307 -0.733220196494 4.71062 -0.0659548441334 -0.937406140747 0.341935207057 -2.000469 -0.763316367132 0.268103834438 0.587765648561 0.86741
-0.64055127463 -0.228505194382 -0.733129893478 4.717477 -0.062615814225 -0.935980278902 0.346439283736 -1.98411 -0.76535829804 0.267817649992 0.585235321878 0.869256
-0.640165654377 -0.240578577401 -0.729595698351 4.731504 -0.0572252880085 -0.932130017836 0.357573623554 -1.947338 -0.766102604987 0.270657676678 0.582950444452 0.871351
-0.642741384044 -0.24486864404 -0.725894524296 4.738441 -0.0568227005844 -0.929691522416 0.363929737512 -1.927263 -0.763972966757 0.275159990393 0.583637118209 0.871347
-0.646938466337 -0.244683511753 -0.722219218693 4.745154 -0.0591694787889 -0.928156859582 0.367455870535 -1.906461 -0.760243114768 0.280454672072 0.5859825794 0.870625
-0.65594126651 -0.245615343885 -0.713732553368 4.758432 -0.0621476787298 -0.924792249098 0.375362440898 -1.861874 -0.752249108286 0.290572536309 0.591344975649 0.868075
-0.65799081556 -0.247910855697 -0.711047322101 4.765083 -0.0610663568138 -0.923576424788 0.378520128448 -1.838696 -0.750545792543 0.292483837506 0.592565792206 0.866772
-0.658089467781 -0.248387978798 -0.710789465583 4.771158 -0.0612542684402 -0.923228274695 0.379338196602 -1.815543 -0.750443979917 0.29317736064 0.592351980004 0.865392
-0.656733855759 -0.247016853518 -0.712518993977 4.776787 -0.0634745142023 -0.923372778093 0.378620784854 -1.792963 -0.751446357864 0.29387988491 0.590730890083 0.864143
-0.655750048669 -0.245533293167 -0.713936464692 4.781996 -0.0657572030943 -0.923470242983 0.377992990101 -1.770567 -0.752108944178 0.294815386761 0.589420074155 0.863233
-0.656887636583 -0.245514907026 -0.712896250048 4.791549 -0.0696377125296 -0.921703573562 0.381592860884 -1.728169 -0.75076575701 0.300308096647 0.588358585549 0.861209
-0.658948719343 -0.246581099423 -0.710622506457 4.795893 -0.0700555408892 -0.920515572411 0.384373909286 -1.708649 -0.748918424441 0.303065739331 0.589298185283 0.859434
-0.661327475679 -0.248869264866 -0.707608690533 4.799737 -0.0691125216968 -0.919126393788 0.387853234597 -1.690769 -0.746906573312 0.305402621548 0.590643555366 0.857117
-0.664688821069 -0.255402475589 -0.702109924875 4.805714 -0.0679384357068 -0.915199105513 0.397234145337 -1.661731 -0.744024959325 0.311737345743 0.59097096982 0.850893
-0.664883536823 -0.257084422833 -0.701311258999 4.80724 -0.069478016073 -0.913547323913 0.400754403912 -1.650316 -0.743708738516 0.315180720395 0.589540860116 0.846831
-0.663608635093 -0.262587164784 -0.7004795217 4.80801 -0.066625516987 -0.911903037738 0.404961591081 -1.639693 -0.745107119759 0.315405818995 0.587651724603 0.842903
-0.658486497669 -0.275133638917 -0.700497689592 4.808075 -0.0619726456379 -0.907795332913 0.414809624688 -1.629897 -0.750036614826 0.316558232047 0.580720209863 0.839049
-0.649513465925 -0.29291423094 -0.701664813779 4.807337 -0.056003693212 -0.90188180818 0.428337239124 -1.621032 -0.758284803968 0.317506625737 0.569380100359 0.835363
-0.619274541293 -0.326315492659 -0.714154914397 4.804079 -0.0449607264849 -0.893319423773 0.447167686874 -1.608607 -0.783886200657 0.309028487944 0.538538594772 0.83032
-0.602696100398 -0.34251123741 -0.720724262679 4.802256 -0.0384814143353 -0.889670167748 0.454979310924 -1.604078 -0.797042402458 0.301948745429 0.523020423901 0.82952
-0.585420038165 -0.358952766778 -0.726936235262 4.800274 -0.0333773829099 -0.885212705802 0.463987516855 -1.599811 -0.810042794687 0.295890818901 0.506240352072 0.829779
-0.562132459279 -0.383467387831 -0.732775450391 4.796594 -0.0289859043395 -0.876335042197 0.48082919126 -1.592339 -0.826539119204 0.291529854883 0.481501223401 0.831076
-0.561808041661 -0.389762852858 -0.729696267536 4.794644 -0.0316549523855 -0.871281563012 0.489761576632 -1.588299 -0.826661773831 0.298250492853 0.477155064103 0.831182
-0.567935012647 -0.394486891449 -0.722377957779 4.791988 -0.0330968737408 -0.866003729224 0.498941016472 -1.58241 -0.82240769595 0.307274524562 0.478777556071 0.830954
-0.574219103377 -0.400752384096 -0.713911722805 4.78803 -0.0351260765686 -0.859142183381 0.510529986857 -1.574677 -0.817947785657 0.318232989138 0.479258995286 0.830291
-0.580457827688 -0.406605021192 -0.705507666165 4.782996 -0.0367101207797 -0.852460289566 0.521501506944 -1.565681 -0.813462400673 0.328608903493 0.479890728434 0.829304
-0.595429167803 -0.413827286739 -0.688629859126 4.77015 -0.0385804307035 -0.841419260447 0.539003876159 -1.545679 -0.8024809384 0.347506265985 0.485039935063 0.826739
-0.6029156823 -0.413961719418 -0.682003207392 4.762023 -0.0383442494396 -0.838825986399 0.543047588224 -1.535754 -0.796882926516 0.353562808278 0.489868290493 0.825705
-0.609540242152 -0.410979302788 -0.677906118778 4.752442 -0.0391399374632 -0.838482461843 0.543521137103 -1.526661 -0.791788329348 0.35783120862 0.495003098622 0.824882
-0.619562532506 -0.395936192404 -0.677773413361 4.727161 -0.0491723847636 -0.842190476784 0.53693321502 -1.512397 -0.78340560688 0.365991437549 0.502320537854 0.823801
-0.620003910867 -0.386764399482 -0.682648115652 4.711506 -0.0533492523538 -0.847265182763 0.528484216747 -1.507756 -0.782782861197 0.364081047805 0.504674135305 0.824075
-0.615656105138 -0.376735976028 -0.692125396566 4.694263 -0.0568351537289 -0.854798909484 0.515837755157 -1.505139 -0.785962674372 0.356915716537 0.504850320177 0.824865
-0.60798224284 -0.36736090571 -0.703849101262 4.675925 -0.0587120399434 -0.863284777128 0.501290624234 -1.504729 -0.791776792257 0.346100214584 0.503293306838 0.825603
-0.599311817193 -0.356424049111 -0.716789538838 4.656631 -0.0593727980346 -0.873152565889 0.48381759738 -1.506443 -0.798310852129 0.332515403998 0.502128757868 0.826058
-0.587836799924 -0.331872999333 -0.737772464225 4.61733 -0.0578972908621 -0.892381701502 0.447552010983 -1.517005 -0.806905075189 0.305802568887 0.50536025615 0.825694
-0.585911323176 -0.313076724664 -0.74745627688 4.59798 -0.0601391865988 -0.90301652745 0.425375633279 -1.526864 -0.808140581588 0.294183812651 0.510259428884 0.825108
-0.585576518377 -0.289955359969 -0.756984828349 4.579287 -0.0657849388934 -0.913759013152 0.400895008324 -1.540309 -0.807943366172 0.284552903885 0.516001125919 0.824711
-0.590371030771 -0.234786232923 -0.772228897967 4.547044 -0.0814867011066 -0.934530399447 0.346428708469 -1.57879 -0.80300807192 0.267447859102 0.532587719623 0.821789
-0.593847418468 -0.207548645549 -0.777347286166 4.534598 -0.0885777829398 -0.94341787219 0.319557029031 -1.603119 -0.799686951218 0.258623815926 0.541862069061 0.820568
-0.59694658422 -0.179409123604 -0.781963644907 4.525347 -0.0958571847609 -0.951743785799 0.291539304936 -1.631019 -0.796533850956 0.248990225833 0.550942548476 0.819451
-0.599602130325 -0.152978085755 -0.785541208715 4.518936 -0.101688313388 -0.959041382775 0.264384403937 -1.661416 -0.79381154705 0.238405812436 0.559487172656 0.818968
-0.601004153876 -0.128847570693 -0.788791677536 4.515964 -0.104588517729 -0.965754596329 0.237443259811 -1.693511 -0.79237317533 0.225202937807 0.566946547587 0.819023
-0.599421903009 -0.0808781967803 -0.796336674704 4.520097 -0.123829691746 -0.973534662961 0.192084532056 -1.761345 -0.790796806793 0.213749800698 0.573542878142 0.820682
-0.597595345424 -0.0577023699108 -0.799718850368 4.527071 -0.137056340785 -0.975375915135 0.172792892286 -1.794942 -0.789997064917 0.212866767441 0.574971631249 0.821973
-0.598918922511 -0.0413290291295 -0.799742480808 4.536913 -0.144954928113 -0.976575580822 0.159022651712 -1.826083 -0.787581229508 0.211168289033 0.57889874817 0.823227
-0.604522693471 -0.0260471237289 -0.796161956152 4.56578 -0.149073339045 -0.978108819927 0.145190481666 -1.878227 -0.782514825843 0.206457462267 0.587406046624 0.823744
-0.607540672431 -0.0265882637223 -0.793843432658 4.584454 -0.146273444447 -0.978600894674 0.144721692891 -1.897954 -0.780703791967 0.204042527861 0.590650688675 0.822823
-0.610834474582 -0.0327554914995 -0.791080477852 4.605562 -0.143894115135 -0.977912085777 0.151599591425 -1.913487 -0.778572879243 0.206434082136 0.592629092638 0.820989
-0.614873550032 -0.0389940295789 -0.787661083924 4.62799 -0.144626283451 -0.97626218221 0.161230858468 -1.925134 -0.775250769497 0.213053085508 0.594638232163 0.81851
-0.62109619357 -0.0481208446189 -0.782255650441 4.651596 -0.146055914616 -0.973521261295 0.175852277816 -1.932596 -0.770004667608 0.223474244871 0.597622015776 0.815214
-0.636683182906 -0.0736605353055 -0.76759927706 4.701197 -0.149910224183 -0.964612568565 0.21690900685 -1.935378 -0.756413543831 0.253173296589 0.603110133064 0.808071
-0.643618571004 -0.0953480777504 -0.759383881267 4.726467 -0.148972852467 -0.957624177444 0.24650156998 -1.930514 -0.750707815523 0.27178057113 0.602140429525 0.804781
-0.647511478531 -0.123231718687 -0.752025816498 4.751345 -0.144881661249 -0.948932207504 0.280244482187 -1.921224 -0.748156527342 0.290416268607 0.596590480584 0.802173
-0.642895533355 -0.191832731128 -0.741542673392 4.798655 -0.135084583044 -0.924558311401 0.356292133288 -1.893221 -0.753947934951 0.329229603905 0.568480764227 0.79982
-0.636999686931 -0.230111772891 -0.735717317199 4.820446 -0.127525782149 -0.909798202348 0.394973930648 -1.875034 -0.760242444051 0.345421196485 0.550195986247 0.799923
-0.630988259072 -0.268297070896 -0.72792204161 4.840546 -0.118452342921 -0.893974386463 0.432179174422 -1.854512 -0.766696067141 0.358924056168 0.532306925123 0.800792
-0.626676878527 -0.305160397506 -0.717044783618 4.858337 -0.109396290509 -0.876576882312 0.468663441095 -1.831964 -0.771562402883 0.372142581802 0.515947048899 0.801859
-0.624837092623 -0.33648314115 -0.704526581049 4.873087 -0.102949698691 -0.858978609801 0.501554690381 -1.807845 -0.773937960835 0.385920773768 0.502080859178 0.802735
-0.628424142455 -0.385911541906 -0.675392759069 4.891853 -0.0901708185566 -0.826264583359 0.556018040865 -1.753965 -0.772626896154 0.410315878453 0.484446652615 0.802622
-0.630629486587 -0.404902397186 -0.662087984636 4.895483 -0.082356608584 -0.813382202483 0.575870455664 -1.724496 -0.771701911148 0.417688210795 0.479596412511 0.801826
-0.631994965111 -0.420567784081 -0.650926342275 4.895201 -0.0732831629297 -0.803738417186 0.590452483076 -1.693562 -0.771499800457 0.420864937638 0.477138095484 0.801195
-0.627622421141 -0.447511660998 -0.63704270638 4.883709 -0.0545099794122 -0.791007530964 0.609373242031 -1.629124 -0.776607210001 0.417181494351 0.472060210297 0.800184
-0.620582057679 -0.458316630641 -0.636257633169 4.873097 -0.0455530882534 -0.788964906572 0.612747331571 -1.59712 -0.782817236549 0.409243499979 0.468739727233 0.799834
-0.611421377034 -0.465983305313 -0.639549418635 4.85974 -0.0394310842785 -0.78927525523 0.612772193457 -1.566597 -0.790322142736 0.399880145358 0.464205536427 0.799524
-0.601870116484 -0.470777074366 -0.645074653924 4.843548 -0.040505680253 -0.78872701023 0.613407689226 -1.539616 -0.797566080492 0.395320945037 0.455642071876 0.799247
-0.594345391936 -0.472123034031 -0.651040241323 4.825418 -0.0429513820295 -0.78974966938 0.611923719507 -1.516846 -0.803062098387 0.391657121027 0.44910573998 0.798863
-0.584244346556 -0.468123029431 -0.662962572724 4.783904 -0.0495665245704 -0.794774395851 0.604877524249 -1.489301 -0.810062777295 0.386257024551 0.441139215923 0.798112
-0.580684048799 -0.459518237854 -0.67204837962 4.760867 -0.0528543357322 -0.80246169406 0.594358182211 -1.485296 -0.812411505743 0.380654986368 0.441689174294 0.797001
-0.576815788463 -0.445641674073 -0.684607219148 4.7363 -0.055249517131 -0.814879011601 0.576991930021 -1.488032 -0.815003703695 0.370642273334 0.445413592272 0.795159
-0.567915256753 -0.409337455691 -0.714083404453 4.685416 -0.0571990260789 -0.845842527796 0.530357134003 -1.51403 -0.82109715172 0.342042783202 0.456953172542 0.791575
-0.56394075927 -0.384723079676 -0.730724963306 4.660457 -0.0568811755498 -0.86465526262 0.499135060572 -1.536792 -0.823853962728 0.323047099954 0.465730844275 0.790094
-0.560421203327 -0.352009822008 -0.749678037608 4.637627 -0.0623730125929 -0.884671970636 0.462022847564 -1.565779 -0.825855727207 0.305687077877 0.473833017273 0.788817
-0.559946739139 -0.317511314561 -0.765275254045 4.617323 -0.0656838278676 -0.903736897696 0.423019212921 -1.598925 -0.825920870353 0.287134436926 0.485189170373 0.787432
-0.562055461259 -0.281039566724 -0.777888436991 4.599806 -0.0715867561035 -0.920442583188 0.384266557749 -1.63485 -0.823995749273 0.271665627177 0.497221069738 0.785615
-0.568160986263 -0.210378123598 -0.795571579935 4.574647 -0.0876194190965 -0.945808651478 0.312680079611 -1.708016 -0.818239531608 0.2473601421 0.518938367259 0.782384
-0.57068434078 -0.177082407961 -0.801848616622 4.568032 -0.0962914790071 -0.955303979559 0.279503591587 -1.742712 -0.815504343495 0.236719512145 0.528125494851 0.781042
-0.573409395189 -0.148132867896 -0.805765672487 4.566037 -0.103357241722 -0.962579829309 0.250514176827 -1.774611 -0.812723166947 0.226928900003 0.536641713111 0.779797
-0.576754968331 -0.110838992855 -0.8093629743 4.575088 -0.111155674397 -0.970890584701 0.212169480813 -1.825158 -0.809319542921 0.212335089428 0.547645585432 0.778289
-0.578516035826 -0.100231152119 -0.80948929112 4.585557 -0.11313970612 -0.972967363883 0.201330364617 -1.841936 -0.807786236074 0.208058224935 0.551537099247 0.777911
-0.581403285811 -0.094529939198 -0.808105382882 4.599391 -0.115769653402 -0.973509691569 0.197170656467 -1.852262 -0.805336952213 0.208189747624 0.55505803515 0.77721
-0.585372412368 -0.0899371731977 -0.805760785665 4.616458 -0.11524883922 -0.974506029245 0.192498581875 -1.856449 -0.802531522058 0.205546354486 0.560083790392 0.776301
