cam0:
  Kl: [436.74812357841103, 433.86322279759912, 312.91964494989088, 229.11948801387757]
  Kr: [442.68650063581009, 439.32829876133417, 316.70314700945681, 237.35428785057542]
  cam_bl: 0.065
  cam_width: 640
  cam_height: 480
  cam_model: Pinhole
  Rl: [1.0, 0.0, 0.0, 0.0, 1.0, 0.0, 0.0, 0.0, 1.0 ]
  Rr: [ 0.99998826205868663,  -0.0038547708511774536, -0.0029353852442241856, 0.0038411041866586192, 0.99998182398315805,   -0.0046473241702847112, 0.0029532462603597126, 0.0046359944997152831,  0.99998489283164882]
  Dl: [-0.35672321427959869, 0.10329057327105647, 0.0, 0.0 ]
  Dr: [-0.35616361614027825, 0.10277417306254764, 0.0, 0.0 ]
  R: [   0.99998826205868707184,  0.00384110418665848177,  0.00295324626036013544,
        -0.00385477085117759063,  0.99998182398315793584,  0.00463599449971529177,
        -0.00293538524422376403, -0.00464732417028469996,  0.99998489283164893049 ]
  t: [ -0.06445734907815808823, 0.00033933833228201360, 0.00007254340573538721 ]
images_subfolder_l: image_l/
images_subfolder_r: image_r/
